 # advection problem: u_t + a u_x = 0
 # a =    1.0000000000000000     
 # init =            2
 # slope type =            3
 # time =    0.0000000000000000     
  4.88281250000000000E-004   0.0000000000000000     
  1.46484375000000000E-003   0.0000000000000000     
  2.44140625000000000E-003   0.0000000000000000     
  3.41796875000000000E-003   0.0000000000000000     
  4.39453125000000000E-003   0.0000000000000000     
  5.37109375000000000E-003   0.0000000000000000     
  6.34765625000000000E-003   0.0000000000000000     
  7.32421875000000000E-003   0.0000000000000000     
  8.30078125000000000E-003   0.0000000000000000     
  9.27734375000000000E-003   0.0000000000000000     
  1.02539062500000000E-002   0.0000000000000000     
  1.12304687500000000E-002   0.0000000000000000     
  1.22070312500000000E-002   0.0000000000000000     
  1.31835937500000000E-002   0.0000000000000000     
  1.41601562500000000E-002   0.0000000000000000     
  1.51367187500000000E-002   0.0000000000000000     
  1.61132812500000000E-002   0.0000000000000000     
  1.70898437500000000E-002   0.0000000000000000     
  1.80664062500000000E-002   0.0000000000000000     
  1.90429687500000000E-002   0.0000000000000000     
  2.00195312500000000E-002   0.0000000000000000     
  2.09960937500000000E-002   0.0000000000000000     
  2.19726562500000000E-002   0.0000000000000000     
  2.29492187500000000E-002   0.0000000000000000     
  2.39257812500000000E-002   0.0000000000000000     
  2.49023437500000000E-002   0.0000000000000000     
  2.58789062500000000E-002   0.0000000000000000     
  2.68554687500000000E-002   0.0000000000000000     
  2.78320312500000000E-002   0.0000000000000000     
  2.88085937500000000E-002   0.0000000000000000     
  2.97851562500000000E-002   0.0000000000000000     
  3.07617187500000000E-002   0.0000000000000000     
  3.17382812500000000E-002   0.0000000000000000     
  3.27148437500000000E-002   0.0000000000000000     
  3.36914062500000000E-002   0.0000000000000000     
  3.46679687500000000E-002   0.0000000000000000     
  3.56445312500000000E-002   0.0000000000000000     
  3.66210937500000000E-002   0.0000000000000000     
  3.75976562500000000E-002   0.0000000000000000     
  3.85742187500000000E-002   0.0000000000000000     
  3.95507812500000000E-002   0.0000000000000000     
  4.05273437500000000E-002   0.0000000000000000     
  4.15039062500000000E-002   0.0000000000000000     
  4.24804687500000000E-002   0.0000000000000000     
  4.34570312500000000E-002   0.0000000000000000     
  4.44335937500000000E-002   0.0000000000000000     
  4.54101562500000000E-002   0.0000000000000000     
  4.63867187500000000E-002   0.0000000000000000     
  4.73632812500000000E-002   0.0000000000000000     
  4.83398437500000000E-002   0.0000000000000000     
  4.93164062500000000E-002   0.0000000000000000     
  5.02929687500000000E-002   0.0000000000000000     
  5.12695312500000000E-002   0.0000000000000000     
  5.22460937500000000E-002   0.0000000000000000     
  5.32226562500000000E-002   0.0000000000000000     
  5.41992187500000000E-002   0.0000000000000000     
  5.51757812500000000E-002   0.0000000000000000     
  5.61523437500000000E-002   0.0000000000000000     
  5.71289062500000000E-002   0.0000000000000000     
  5.81054687500000000E-002   0.0000000000000000     
  5.90820312500000000E-002   0.0000000000000000     
  6.00585937500000000E-002   0.0000000000000000     
  6.10351562500000000E-002   0.0000000000000000     
  6.20117187500000000E-002   0.0000000000000000     
  6.29882812500000000E-002   0.0000000000000000     
  6.39648437500000000E-002   0.0000000000000000     
  6.49414062500000000E-002   0.0000000000000000     
  6.59179687500000000E-002   0.0000000000000000     
  6.68945312500000000E-002   0.0000000000000000     
  6.78710937500000000E-002   0.0000000000000000     
  6.88476562500000000E-002   0.0000000000000000     
  6.98242187500000000E-002   0.0000000000000000     
  7.08007812500000000E-002   0.0000000000000000     
  7.17773437500000000E-002   0.0000000000000000     
  7.27539062500000000E-002   0.0000000000000000     
  7.37304687500000000E-002   0.0000000000000000     
  7.47070312500000000E-002   0.0000000000000000     
  7.56835937500000000E-002   0.0000000000000000     
  7.66601562500000000E-002   0.0000000000000000     
  7.76367187500000000E-002   0.0000000000000000     
  7.86132812500000000E-002   0.0000000000000000     
  7.95898437500000000E-002   0.0000000000000000     
  8.05664062500000000E-002   0.0000000000000000     
  8.15429687500000000E-002   0.0000000000000000     
  8.25195312500000000E-002   0.0000000000000000     
  8.34960937500000000E-002   0.0000000000000000     
  8.44726562500000000E-002   0.0000000000000000     
  8.54492187500000000E-002   0.0000000000000000     
  8.64257812500000000E-002   0.0000000000000000     
  8.74023437500000000E-002   0.0000000000000000     
  8.83789062500000000E-002   0.0000000000000000     
  8.93554687500000000E-002   0.0000000000000000     
  9.03320312500000000E-002   0.0000000000000000     
  9.13085937500000000E-002   0.0000000000000000     
  9.22851562500000000E-002   0.0000000000000000     
  9.32617187500000000E-002   0.0000000000000000     
  9.42382812500000000E-002   0.0000000000000000     
  9.52148437500000000E-002   0.0000000000000000     
  9.61914062500000000E-002   0.0000000000000000     
  9.71679687500000000E-002   0.0000000000000000     
  9.81445312500000000E-002   0.0000000000000000     
  9.91210937500000000E-002   0.0000000000000000     
  0.10009765625000000        0.0000000000000000     
  0.10107421875000000        0.0000000000000000     
  0.10205078125000000        0.0000000000000000     
  0.10302734375000000        0.0000000000000000     
  0.10400390625000000        0.0000000000000000     
  0.10498046875000000        0.0000000000000000     
  0.10595703125000000        0.0000000000000000     
  0.10693359375000000        0.0000000000000000     
  0.10791015625000000        0.0000000000000000     
  0.10888671875000000        0.0000000000000000     
  0.10986328125000000        0.0000000000000000     
  0.11083984375000000        0.0000000000000000     
  0.11181640625000000        0.0000000000000000     
  0.11279296875000000        0.0000000000000000     
  0.11376953125000000        0.0000000000000000     
  0.11474609375000000        0.0000000000000000     
  0.11572265625000000        0.0000000000000000     
  0.11669921875000000        0.0000000000000000     
  0.11767578125000000        0.0000000000000000     
  0.11865234375000000        0.0000000000000000     
  0.11962890625000000        0.0000000000000000     
  0.12060546875000000        0.0000000000000000     
  0.12158203125000000        0.0000000000000000     
  0.12255859375000000        0.0000000000000000     
  0.12353515625000000        0.0000000000000000     
  0.12451171875000000        0.0000000000000000     
  0.12548828125000000        0.0000000000000000     
  0.12646484375000000        0.0000000000000000     
  0.12744140625000000        0.0000000000000000     
  0.12841796875000000        0.0000000000000000     
  0.12939453125000000        0.0000000000000000     
  0.13037109375000000        0.0000000000000000     
  0.13134765625000000        0.0000000000000000     
  0.13232421875000000        0.0000000000000000     
  0.13330078125000000        0.0000000000000000     
  0.13427734375000000        0.0000000000000000     
  0.13525390625000000        0.0000000000000000     
  0.13623046875000000        0.0000000000000000     
  0.13720703125000000        0.0000000000000000     
  0.13818359375000000        0.0000000000000000     
  0.13916015625000000        0.0000000000000000     
  0.14013671875000000        0.0000000000000000     
  0.14111328125000000        0.0000000000000000     
  0.14208984375000000        0.0000000000000000     
  0.14306640625000000        0.0000000000000000     
  0.14404296875000000        0.0000000000000000     
  0.14501953125000000        0.0000000000000000     
  0.14599609375000000        0.0000000000000000     
  0.14697265625000000        0.0000000000000000     
  0.14794921875000000        0.0000000000000000     
  0.14892578125000000        0.0000000000000000     
  0.14990234375000000        0.0000000000000000     
  0.15087890625000000        0.0000000000000000     
  0.15185546875000000        0.0000000000000000     
  0.15283203125000000        0.0000000000000000     
  0.15380859375000000        0.0000000000000000     
  0.15478515625000000        0.0000000000000000     
  0.15576171875000000        0.0000000000000000     
  0.15673828125000000        0.0000000000000000     
  0.15771484375000000        0.0000000000000000     
  0.15869140625000000        0.0000000000000000     
  0.15966796875000000        0.0000000000000000     
  0.16064453125000000        0.0000000000000000     
  0.16162109375000000        0.0000000000000000     
  0.16259765625000000        0.0000000000000000     
  0.16357421875000000        0.0000000000000000     
  0.16455078125000000        0.0000000000000000     
  0.16552734375000000        0.0000000000000000     
  0.16650390625000000        0.0000000000000000     
  0.16748046875000000        0.0000000000000000     
  0.16845703125000000        0.0000000000000000     
  0.16943359375000000        0.0000000000000000     
  0.17041015625000000        0.0000000000000000     
  0.17138671875000000        0.0000000000000000     
  0.17236328125000000        0.0000000000000000     
  0.17333984375000000        0.0000000000000000     
  0.17431640625000000        0.0000000000000000     
  0.17529296875000000        0.0000000000000000     
  0.17626953125000000        0.0000000000000000     
  0.17724609375000000        0.0000000000000000     
  0.17822265625000000        0.0000000000000000     
  0.17919921875000000        0.0000000000000000     
  0.18017578125000000        0.0000000000000000     
  0.18115234375000000        0.0000000000000000     
  0.18212890625000000        0.0000000000000000     
  0.18310546875000000        0.0000000000000000     
  0.18408203125000000        0.0000000000000000     
  0.18505859375000000        0.0000000000000000     
  0.18603515625000000        0.0000000000000000     
  0.18701171875000000        0.0000000000000000     
  0.18798828125000000        0.0000000000000000     
  0.18896484375000000        0.0000000000000000     
  0.18994140625000000        0.0000000000000000     
  0.19091796875000000        0.0000000000000000     
  0.19189453125000000        0.0000000000000000     
  0.19287109375000000        0.0000000000000000     
  0.19384765625000000        0.0000000000000000     
  0.19482421875000000        0.0000000000000000     
  0.19580078125000000        0.0000000000000000     
  0.19677734375000000        0.0000000000000000     
  0.19775390625000000        0.0000000000000000     
  0.19873046875000000        0.0000000000000000     
  0.19970703125000000        0.0000000000000000     
  0.20068359375000000        0.0000000000000000     
  0.20166015625000000        0.0000000000000000     
  0.20263671875000000        0.0000000000000000     
  0.20361328125000000        0.0000000000000000     
  0.20458984375000000        0.0000000000000000     
  0.20556640625000000        0.0000000000000000     
  0.20654296875000000        0.0000000000000000     
  0.20751953125000000        0.0000000000000000     
  0.20849609375000000        0.0000000000000000     
  0.20947265625000000        0.0000000000000000     
  0.21044921875000000        0.0000000000000000     
  0.21142578125000000        0.0000000000000000     
  0.21240234375000000        0.0000000000000000     
  0.21337890625000000        0.0000000000000000     
  0.21435546875000000        0.0000000000000000     
  0.21533203125000000        0.0000000000000000     
  0.21630859375000000        0.0000000000000000     
  0.21728515625000000        0.0000000000000000     
  0.21826171875000000        0.0000000000000000     
  0.21923828125000000        0.0000000000000000     
  0.22021484375000000        0.0000000000000000     
  0.22119140625000000        0.0000000000000000     
  0.22216796875000000        0.0000000000000000     
  0.22314453125000000        0.0000000000000000     
  0.22412109375000000        0.0000000000000000     
  0.22509765625000000        0.0000000000000000     
  0.22607421875000000        0.0000000000000000     
  0.22705078125000000        0.0000000000000000     
  0.22802734375000000        0.0000000000000000     
  0.22900390625000000        0.0000000000000000     
  0.22998046875000000        0.0000000000000000     
  0.23095703125000000        0.0000000000000000     
  0.23193359375000000        0.0000000000000000     
  0.23291015625000000        0.0000000000000000     
  0.23388671875000000        0.0000000000000000     
  0.23486328125000000        0.0000000000000000     
  0.23583984375000000        0.0000000000000000     
  0.23681640625000000        0.0000000000000000     
  0.23779296875000000        0.0000000000000000     
  0.23876953125000000        0.0000000000000000     
  0.23974609375000000        0.0000000000000000     
  0.24072265625000000        0.0000000000000000     
  0.24169921875000000        0.0000000000000000     
  0.24267578125000000        0.0000000000000000     
  0.24365234375000000        0.0000000000000000     
  0.24462890625000000        0.0000000000000000     
  0.24560546875000000        0.0000000000000000     
  0.24658203125000000        0.0000000000000000     
  0.24755859375000000        0.0000000000000000     
  0.24853515625000000        0.0000000000000000     
  0.24951171875000000        0.0000000000000000     
  0.25048828125000000        0.0000000000000000     
  0.25146484375000000        0.0000000000000000     
  0.25244140625000000        0.0000000000000000     
  0.25341796875000000        0.0000000000000000     
  0.25439453125000000        0.0000000000000000     
  0.25537109375000000        0.0000000000000000     
  0.25634765625000000        0.0000000000000000     
  0.25732421875000000        0.0000000000000000     
  0.25830078125000000        0.0000000000000000     
  0.25927734375000000        0.0000000000000000     
  0.26025390625000000        0.0000000000000000     
  0.26123046875000000        0.0000000000000000     
  0.26220703125000000        0.0000000000000000     
  0.26318359375000000        0.0000000000000000     
  0.26416015625000000        0.0000000000000000     
  0.26513671875000000        0.0000000000000000     
  0.26611328125000000        0.0000000000000000     
  0.26708984375000000        0.0000000000000000     
  0.26806640625000000        0.0000000000000000     
  0.26904296875000000        0.0000000000000000     
  0.27001953125000000        0.0000000000000000     
  0.27099609375000000        0.0000000000000000     
  0.27197265625000000        0.0000000000000000     
  0.27294921875000000        0.0000000000000000     
  0.27392578125000000        0.0000000000000000     
  0.27490234375000000        0.0000000000000000     
  0.27587890625000000        0.0000000000000000     
  0.27685546875000000        0.0000000000000000     
  0.27783203125000000        0.0000000000000000     
  0.27880859375000000        0.0000000000000000     
  0.27978515625000000        0.0000000000000000     
  0.28076171875000000        0.0000000000000000     
  0.28173828125000000        0.0000000000000000     
  0.28271484375000000        0.0000000000000000     
  0.28369140625000000        0.0000000000000000     
  0.28466796875000000        0.0000000000000000     
  0.28564453125000000        0.0000000000000000     
  0.28662109375000000        0.0000000000000000     
  0.28759765625000000        0.0000000000000000     
  0.28857421875000000        0.0000000000000000     
  0.28955078125000000        0.0000000000000000     
  0.29052734375000000        0.0000000000000000     
  0.29150390625000000        0.0000000000000000     
  0.29248046875000000        0.0000000000000000     
  0.29345703125000000        0.0000000000000000     
  0.29443359375000000        0.0000000000000000     
  0.29541015625000000        0.0000000000000000     
  0.29638671875000000        0.0000000000000000     
  0.29736328125000000        0.0000000000000000     
  0.29833984375000000        0.0000000000000000     
  0.29931640625000000        0.0000000000000000     
  0.30029296875000000        0.0000000000000000     
  0.30126953125000000        0.0000000000000000     
  0.30224609375000000        0.0000000000000000     
  0.30322265625000000        0.0000000000000000     
  0.30419921875000000        0.0000000000000000     
  0.30517578125000000        0.0000000000000000     
  0.30615234375000000        0.0000000000000000     
  0.30712890625000000        0.0000000000000000     
  0.30810546875000000        0.0000000000000000     
  0.30908203125000000        0.0000000000000000     
  0.31005859375000000        0.0000000000000000     
  0.31103515625000000        0.0000000000000000     
  0.31201171875000000        0.0000000000000000     
  0.31298828125000000        0.0000000000000000     
  0.31396484375000000        0.0000000000000000     
  0.31494140625000000        0.0000000000000000     
  0.31591796875000000        0.0000000000000000     
  0.31689453125000000        0.0000000000000000     
  0.31787109375000000        0.0000000000000000     
  0.31884765625000000        0.0000000000000000     
  0.31982421875000000        0.0000000000000000     
  0.32080078125000000        0.0000000000000000     
  0.32177734375000000        0.0000000000000000     
  0.32275390625000000        0.0000000000000000     
  0.32373046875000000        0.0000000000000000     
  0.32470703125000000        0.0000000000000000     
  0.32568359375000000        0.0000000000000000     
  0.32666015625000000        0.0000000000000000     
  0.32763671875000000        0.0000000000000000     
  0.32861328125000000        0.0000000000000000     
  0.32958984375000000        0.0000000000000000     
  0.33056640625000000        0.0000000000000000     
  0.33154296875000000        0.0000000000000000     
  0.33251953125000000        0.0000000000000000     
  0.33349609375000000        1.0000000000000000     
  0.33447265625000000        1.0000000000000000     
  0.33544921875000000        1.0000000000000000     
  0.33642578125000000        1.0000000000000000     
  0.33740234375000000        1.0000000000000000     
  0.33837890625000000        1.0000000000000000     
  0.33935546875000000        1.0000000000000000     
  0.34033203125000000        1.0000000000000000     
  0.34130859375000000        1.0000000000000000     
  0.34228515625000000        1.0000000000000000     
  0.34326171875000000        1.0000000000000000     
  0.34423828125000000        1.0000000000000000     
  0.34521484375000000        1.0000000000000000     
  0.34619140625000000        1.0000000000000000     
  0.34716796875000000        1.0000000000000000     
  0.34814453125000000        1.0000000000000000     
  0.34912109375000000        1.0000000000000000     
  0.35009765625000000        1.0000000000000000     
  0.35107421875000000        1.0000000000000000     
  0.35205078125000000        1.0000000000000000     
  0.35302734375000000        1.0000000000000000     
  0.35400390625000000        1.0000000000000000     
  0.35498046875000000        1.0000000000000000     
  0.35595703125000000        1.0000000000000000     
  0.35693359375000000        1.0000000000000000     
  0.35791015625000000        1.0000000000000000     
  0.35888671875000000        1.0000000000000000     
  0.35986328125000000        1.0000000000000000     
  0.36083984375000000        1.0000000000000000     
  0.36181640625000000        1.0000000000000000     
  0.36279296875000000        1.0000000000000000     
  0.36376953125000000        1.0000000000000000     
  0.36474609375000000        1.0000000000000000     
  0.36572265625000000        1.0000000000000000     
  0.36669921875000000        1.0000000000000000     
  0.36767578125000000        1.0000000000000000     
  0.36865234375000000        1.0000000000000000     
  0.36962890625000000        1.0000000000000000     
  0.37060546875000000        1.0000000000000000     
  0.37158203125000000        1.0000000000000000     
  0.37255859375000000        1.0000000000000000     
  0.37353515625000000        1.0000000000000000     
  0.37451171875000000        1.0000000000000000     
  0.37548828125000000        1.0000000000000000     
  0.37646484375000000        1.0000000000000000     
  0.37744140625000000        1.0000000000000000     
  0.37841796875000000        1.0000000000000000     
  0.37939453125000000        1.0000000000000000     
  0.38037109375000000        1.0000000000000000     
  0.38134765625000000        1.0000000000000000     
  0.38232421875000000        1.0000000000000000     
  0.38330078125000000        1.0000000000000000     
  0.38427734375000000        1.0000000000000000     
  0.38525390625000000        1.0000000000000000     
  0.38623046875000000        1.0000000000000000     
  0.38720703125000000        1.0000000000000000     
  0.38818359375000000        1.0000000000000000     
  0.38916015625000000        1.0000000000000000     
  0.39013671875000000        1.0000000000000000     
  0.39111328125000000        1.0000000000000000     
  0.39208984375000000        1.0000000000000000     
  0.39306640625000000        1.0000000000000000     
  0.39404296875000000        1.0000000000000000     
  0.39501953125000000        1.0000000000000000     
  0.39599609375000000        1.0000000000000000     
  0.39697265625000000        1.0000000000000000     
  0.39794921875000000        1.0000000000000000     
  0.39892578125000000        1.0000000000000000     
  0.39990234375000000        1.0000000000000000     
  0.40087890625000000        1.0000000000000000     
  0.40185546875000000        1.0000000000000000     
  0.40283203125000000        1.0000000000000000     
  0.40380859375000000        1.0000000000000000     
  0.40478515625000000        1.0000000000000000     
  0.40576171875000000        1.0000000000000000     
  0.40673828125000000        1.0000000000000000     
  0.40771484375000000        1.0000000000000000     
  0.40869140625000000        1.0000000000000000     
  0.40966796875000000        1.0000000000000000     
  0.41064453125000000        1.0000000000000000     
  0.41162109375000000        1.0000000000000000     
  0.41259765625000000        1.0000000000000000     
  0.41357421875000000        1.0000000000000000     
  0.41455078125000000        1.0000000000000000     
  0.41552734375000000        1.0000000000000000     
  0.41650390625000000        1.0000000000000000     
  0.41748046875000000        1.0000000000000000     
  0.41845703125000000        1.0000000000000000     
  0.41943359375000000        1.0000000000000000     
  0.42041015625000000        1.0000000000000000     
  0.42138671875000000        1.0000000000000000     
  0.42236328125000000        1.0000000000000000     
  0.42333984375000000        1.0000000000000000     
  0.42431640625000000        1.0000000000000000     
  0.42529296875000000        1.0000000000000000     
  0.42626953125000000        1.0000000000000000     
  0.42724609375000000        1.0000000000000000     
  0.42822265625000000        1.0000000000000000     
  0.42919921875000000        1.0000000000000000     
  0.43017578125000000        1.0000000000000000     
  0.43115234375000000        1.0000000000000000     
  0.43212890625000000        1.0000000000000000     
  0.43310546875000000        1.0000000000000000     
  0.43408203125000000        1.0000000000000000     
  0.43505859375000000        1.0000000000000000     
  0.43603515625000000        1.0000000000000000     
  0.43701171875000000        1.0000000000000000     
  0.43798828125000000        1.0000000000000000     
  0.43896484375000000        1.0000000000000000     
  0.43994140625000000        1.0000000000000000     
  0.44091796875000000        1.0000000000000000     
  0.44189453125000000        1.0000000000000000     
  0.44287109375000000        1.0000000000000000     
  0.44384765625000000        1.0000000000000000     
  0.44482421875000000        1.0000000000000000     
  0.44580078125000000        1.0000000000000000     
  0.44677734375000000        1.0000000000000000     
  0.44775390625000000        1.0000000000000000     
  0.44873046875000000        1.0000000000000000     
  0.44970703125000000        1.0000000000000000     
  0.45068359375000000        1.0000000000000000     
  0.45166015625000000        1.0000000000000000     
  0.45263671875000000        1.0000000000000000     
  0.45361328125000000        1.0000000000000000     
  0.45458984375000000        1.0000000000000000     
  0.45556640625000000        1.0000000000000000     
  0.45654296875000000        1.0000000000000000     
  0.45751953125000000        1.0000000000000000     
  0.45849609375000000        1.0000000000000000     
  0.45947265625000000        1.0000000000000000     
  0.46044921875000000        1.0000000000000000     
  0.46142578125000000        1.0000000000000000     
  0.46240234375000000        1.0000000000000000     
  0.46337890625000000        1.0000000000000000     
  0.46435546875000000        1.0000000000000000     
  0.46533203125000000        1.0000000000000000     
  0.46630859375000000        1.0000000000000000     
  0.46728515625000000        1.0000000000000000     
  0.46826171875000000        1.0000000000000000     
  0.46923828125000000        1.0000000000000000     
  0.47021484375000000        1.0000000000000000     
  0.47119140625000000        1.0000000000000000     
  0.47216796875000000        1.0000000000000000     
  0.47314453125000000        1.0000000000000000     
  0.47412109375000000        1.0000000000000000     
  0.47509765625000000        1.0000000000000000     
  0.47607421875000000        1.0000000000000000     
  0.47705078125000000        1.0000000000000000     
  0.47802734375000000        1.0000000000000000     
  0.47900390625000000        1.0000000000000000     
  0.47998046875000000        1.0000000000000000     
  0.48095703125000000        1.0000000000000000     
  0.48193359375000000        1.0000000000000000     
  0.48291015625000000        1.0000000000000000     
  0.48388671875000000        1.0000000000000000     
  0.48486328125000000        1.0000000000000000     
  0.48583984375000000        1.0000000000000000     
  0.48681640625000000        1.0000000000000000     
  0.48779296875000000        1.0000000000000000     
  0.48876953125000000        1.0000000000000000     
  0.48974609375000000        1.0000000000000000     
  0.49072265625000000        1.0000000000000000     
  0.49169921875000000        1.0000000000000000     
  0.49267578125000000        1.0000000000000000     
  0.49365234375000000        1.0000000000000000     
  0.49462890625000000        1.0000000000000000     
  0.49560546875000000        1.0000000000000000     
  0.49658203125000000        1.0000000000000000     
  0.49755859375000000        1.0000000000000000     
  0.49853515625000000        1.0000000000000000     
  0.49951171875000000        1.0000000000000000     
  0.50048828125000000        1.0000000000000000     
  0.50146484375000000        1.0000000000000000     
  0.50244140625000000        1.0000000000000000     
  0.50341796875000000        1.0000000000000000     
  0.50439453125000000        1.0000000000000000     
  0.50537109375000000        1.0000000000000000     
  0.50634765625000000        1.0000000000000000     
  0.50732421875000000        1.0000000000000000     
  0.50830078125000000        1.0000000000000000     
  0.50927734375000000        1.0000000000000000     
  0.51025390625000000        1.0000000000000000     
  0.51123046875000000        1.0000000000000000     
  0.51220703125000000        1.0000000000000000     
  0.51318359375000000        1.0000000000000000     
  0.51416015625000000        1.0000000000000000     
  0.51513671875000000        1.0000000000000000     
  0.51611328125000000        1.0000000000000000     
  0.51708984375000000        1.0000000000000000     
  0.51806640625000000        1.0000000000000000     
  0.51904296875000000        1.0000000000000000     
  0.52001953125000000        1.0000000000000000     
  0.52099609375000000        1.0000000000000000     
  0.52197265625000000        1.0000000000000000     
  0.52294921875000000        1.0000000000000000     
  0.52392578125000000        1.0000000000000000     
  0.52490234375000000        1.0000000000000000     
  0.52587890625000000        1.0000000000000000     
  0.52685546875000000        1.0000000000000000     
  0.52783203125000000        1.0000000000000000     
  0.52880859375000000        1.0000000000000000     
  0.52978515625000000        1.0000000000000000     
  0.53076171875000000        1.0000000000000000     
  0.53173828125000000        1.0000000000000000     
  0.53271484375000000        1.0000000000000000     
  0.53369140625000000        1.0000000000000000     
  0.53466796875000000        1.0000000000000000     
  0.53564453125000000        1.0000000000000000     
  0.53662109375000000        1.0000000000000000     
  0.53759765625000000        1.0000000000000000     
  0.53857421875000000        1.0000000000000000     
  0.53955078125000000        1.0000000000000000     
  0.54052734375000000        1.0000000000000000     
  0.54150390625000000        1.0000000000000000     
  0.54248046875000000        1.0000000000000000     
  0.54345703125000000        1.0000000000000000     
  0.54443359375000000        1.0000000000000000     
  0.54541015625000000        1.0000000000000000     
  0.54638671875000000        1.0000000000000000     
  0.54736328125000000        1.0000000000000000     
  0.54833984375000000        1.0000000000000000     
  0.54931640625000000        1.0000000000000000     
  0.55029296875000000        1.0000000000000000     
  0.55126953125000000        1.0000000000000000     
  0.55224609375000000        1.0000000000000000     
  0.55322265625000000        1.0000000000000000     
  0.55419921875000000        1.0000000000000000     
  0.55517578125000000        1.0000000000000000     
  0.55615234375000000        1.0000000000000000     
  0.55712890625000000        1.0000000000000000     
  0.55810546875000000        1.0000000000000000     
  0.55908203125000000        1.0000000000000000     
  0.56005859375000000        1.0000000000000000     
  0.56103515625000000        1.0000000000000000     
  0.56201171875000000        1.0000000000000000     
  0.56298828125000000        1.0000000000000000     
  0.56396484375000000        1.0000000000000000     
  0.56494140625000000        1.0000000000000000     
  0.56591796875000000        1.0000000000000000     
  0.56689453125000000        1.0000000000000000     
  0.56787109375000000        1.0000000000000000     
  0.56884765625000000        1.0000000000000000     
  0.56982421875000000        1.0000000000000000     
  0.57080078125000000        1.0000000000000000     
  0.57177734375000000        1.0000000000000000     
  0.57275390625000000        1.0000000000000000     
  0.57373046875000000        1.0000000000000000     
  0.57470703125000000        1.0000000000000000     
  0.57568359375000000        1.0000000000000000     
  0.57666015625000000        1.0000000000000000     
  0.57763671875000000        1.0000000000000000     
  0.57861328125000000        1.0000000000000000     
  0.57958984375000000        1.0000000000000000     
  0.58056640625000000        1.0000000000000000     
  0.58154296875000000        1.0000000000000000     
  0.58251953125000000        1.0000000000000000     
  0.58349609375000000        1.0000000000000000     
  0.58447265625000000        1.0000000000000000     
  0.58544921875000000        1.0000000000000000     
  0.58642578125000000        1.0000000000000000     
  0.58740234375000000        1.0000000000000000     
  0.58837890625000000        1.0000000000000000     
  0.58935546875000000        1.0000000000000000     
  0.59033203125000000        1.0000000000000000     
  0.59130859375000000        1.0000000000000000     
  0.59228515625000000        1.0000000000000000     
  0.59326171875000000        1.0000000000000000     
  0.59423828125000000        1.0000000000000000     
  0.59521484375000000        1.0000000000000000     
  0.59619140625000000        1.0000000000000000     
  0.59716796875000000        1.0000000000000000     
  0.59814453125000000        1.0000000000000000     
  0.59912109375000000        1.0000000000000000     
  0.60009765625000000        1.0000000000000000     
  0.60107421875000000        1.0000000000000000     
  0.60205078125000000        1.0000000000000000     
  0.60302734375000000        1.0000000000000000     
  0.60400390625000000        1.0000000000000000     
  0.60498046875000000        1.0000000000000000     
  0.60595703125000000        1.0000000000000000     
  0.60693359375000000        1.0000000000000000     
  0.60791015625000000        1.0000000000000000     
  0.60888671875000000        1.0000000000000000     
  0.60986328125000000        1.0000000000000000     
  0.61083984375000000        1.0000000000000000     
  0.61181640625000000        1.0000000000000000     
  0.61279296875000000        1.0000000000000000     
  0.61376953125000000        1.0000000000000000     
  0.61474609375000000        1.0000000000000000     
  0.61572265625000000        1.0000000000000000     
  0.61669921875000000        1.0000000000000000     
  0.61767578125000000        1.0000000000000000     
  0.61865234375000000        1.0000000000000000     
  0.61962890625000000        1.0000000000000000     
  0.62060546875000000        1.0000000000000000     
  0.62158203125000000        1.0000000000000000     
  0.62255859375000000        1.0000000000000000     
  0.62353515625000000        1.0000000000000000     
  0.62451171875000000        1.0000000000000000     
  0.62548828125000000        1.0000000000000000     
  0.62646484375000000        1.0000000000000000     
  0.62744140625000000        1.0000000000000000     
  0.62841796875000000        1.0000000000000000     
  0.62939453125000000        1.0000000000000000     
  0.63037109375000000        1.0000000000000000     
  0.63134765625000000        1.0000000000000000     
  0.63232421875000000        1.0000000000000000     
  0.63330078125000000        1.0000000000000000     
  0.63427734375000000        1.0000000000000000     
  0.63525390625000000        1.0000000000000000     
  0.63623046875000000        1.0000000000000000     
  0.63720703125000000        1.0000000000000000     
  0.63818359375000000        1.0000000000000000     
  0.63916015625000000        1.0000000000000000     
  0.64013671875000000        1.0000000000000000     
  0.64111328125000000        1.0000000000000000     
  0.64208984375000000        1.0000000000000000     
  0.64306640625000000        1.0000000000000000     
  0.64404296875000000        1.0000000000000000     
  0.64501953125000000        1.0000000000000000     
  0.64599609375000000        1.0000000000000000     
  0.64697265625000000        1.0000000000000000     
  0.64794921875000000        1.0000000000000000     
  0.64892578125000000        1.0000000000000000     
  0.64990234375000000        1.0000000000000000     
  0.65087890625000000        1.0000000000000000     
  0.65185546875000000        1.0000000000000000     
  0.65283203125000000        1.0000000000000000     
  0.65380859375000000        1.0000000000000000     
  0.65478515625000000        1.0000000000000000     
  0.65576171875000000        1.0000000000000000     
  0.65673828125000000        1.0000000000000000     
  0.65771484375000000        1.0000000000000000     
  0.65869140625000000        1.0000000000000000     
  0.65966796875000000        1.0000000000000000     
  0.66064453125000000        1.0000000000000000     
  0.66162109375000000        1.0000000000000000     
  0.66259765625000000        1.0000000000000000     
  0.66357421875000000        1.0000000000000000     
  0.66455078125000000        1.0000000000000000     
  0.66552734375000000        1.0000000000000000     
  0.66650390625000000        0.0000000000000000     
  0.66748046875000000        0.0000000000000000     
  0.66845703125000000        0.0000000000000000     
  0.66943359375000000        0.0000000000000000     
  0.67041015625000000        0.0000000000000000     
  0.67138671875000000        0.0000000000000000     
  0.67236328125000000        0.0000000000000000     
  0.67333984375000000        0.0000000000000000     
  0.67431640625000000        0.0000000000000000     
  0.67529296875000000        0.0000000000000000     
  0.67626953125000000        0.0000000000000000     
  0.67724609375000000        0.0000000000000000     
  0.67822265625000000        0.0000000000000000     
  0.67919921875000000        0.0000000000000000     
  0.68017578125000000        0.0000000000000000     
  0.68115234375000000        0.0000000000000000     
  0.68212890625000000        0.0000000000000000     
  0.68310546875000000        0.0000000000000000     
  0.68408203125000000        0.0000000000000000     
  0.68505859375000000        0.0000000000000000     
  0.68603515625000000        0.0000000000000000     
  0.68701171875000000        0.0000000000000000     
  0.68798828125000000        0.0000000000000000     
  0.68896484375000000        0.0000000000000000     
  0.68994140625000000        0.0000000000000000     
  0.69091796875000000        0.0000000000000000     
  0.69189453125000000        0.0000000000000000     
  0.69287109375000000        0.0000000000000000     
  0.69384765625000000        0.0000000000000000     
  0.69482421875000000        0.0000000000000000     
  0.69580078125000000        0.0000000000000000     
  0.69677734375000000        0.0000000000000000     
  0.69775390625000000        0.0000000000000000     
  0.69873046875000000        0.0000000000000000     
  0.69970703125000000        0.0000000000000000     
  0.70068359375000000        0.0000000000000000     
  0.70166015625000000        0.0000000000000000     
  0.70263671875000000        0.0000000000000000     
  0.70361328125000000        0.0000000000000000     
  0.70458984375000000        0.0000000000000000     
  0.70556640625000000        0.0000000000000000     
  0.70654296875000000        0.0000000000000000     
  0.70751953125000000        0.0000000000000000     
  0.70849609375000000        0.0000000000000000     
  0.70947265625000000        0.0000000000000000     
  0.71044921875000000        0.0000000000000000     
  0.71142578125000000        0.0000000000000000     
  0.71240234375000000        0.0000000000000000     
  0.71337890625000000        0.0000000000000000     
  0.71435546875000000        0.0000000000000000     
  0.71533203125000000        0.0000000000000000     
  0.71630859375000000        0.0000000000000000     
  0.71728515625000000        0.0000000000000000     
  0.71826171875000000        0.0000000000000000     
  0.71923828125000000        0.0000000000000000     
  0.72021484375000000        0.0000000000000000     
  0.72119140625000000        0.0000000000000000     
  0.72216796875000000        0.0000000000000000     
  0.72314453125000000        0.0000000000000000     
  0.72412109375000000        0.0000000000000000     
  0.72509765625000000        0.0000000000000000     
  0.72607421875000000        0.0000000000000000     
  0.72705078125000000        0.0000000000000000     
  0.72802734375000000        0.0000000000000000     
  0.72900390625000000        0.0000000000000000     
  0.72998046875000000        0.0000000000000000     
  0.73095703125000000        0.0000000000000000     
  0.73193359375000000        0.0000000000000000     
  0.73291015625000000        0.0000000000000000     
  0.73388671875000000        0.0000000000000000     
  0.73486328125000000        0.0000000000000000     
  0.73583984375000000        0.0000000000000000     
  0.73681640625000000        0.0000000000000000     
  0.73779296875000000        0.0000000000000000     
  0.73876953125000000        0.0000000000000000     
  0.73974609375000000        0.0000000000000000     
  0.74072265625000000        0.0000000000000000     
  0.74169921875000000        0.0000000000000000     
  0.74267578125000000        0.0000000000000000     
  0.74365234375000000        0.0000000000000000     
  0.74462890625000000        0.0000000000000000     
  0.74560546875000000        0.0000000000000000     
  0.74658203125000000        0.0000000000000000     
  0.74755859375000000        0.0000000000000000     
  0.74853515625000000        0.0000000000000000     
  0.74951171875000000        0.0000000000000000     
  0.75048828125000000        0.0000000000000000     
  0.75146484375000000        0.0000000000000000     
  0.75244140625000000        0.0000000000000000     
  0.75341796875000000        0.0000000000000000     
  0.75439453125000000        0.0000000000000000     
  0.75537109375000000        0.0000000000000000     
  0.75634765625000000        0.0000000000000000     
  0.75732421875000000        0.0000000000000000     
  0.75830078125000000        0.0000000000000000     
  0.75927734375000000        0.0000000000000000     
  0.76025390625000000        0.0000000000000000     
  0.76123046875000000        0.0000000000000000     
  0.76220703125000000        0.0000000000000000     
  0.76318359375000000        0.0000000000000000     
  0.76416015625000000        0.0000000000000000     
  0.76513671875000000        0.0000000000000000     
  0.76611328125000000        0.0000000000000000     
  0.76708984375000000        0.0000000000000000     
  0.76806640625000000        0.0000000000000000     
  0.76904296875000000        0.0000000000000000     
  0.77001953125000000        0.0000000000000000     
  0.77099609375000000        0.0000000000000000     
  0.77197265625000000        0.0000000000000000     
  0.77294921875000000        0.0000000000000000     
  0.77392578125000000        0.0000000000000000     
  0.77490234375000000        0.0000000000000000     
  0.77587890625000000        0.0000000000000000     
  0.77685546875000000        0.0000000000000000     
  0.77783203125000000        0.0000000000000000     
  0.77880859375000000        0.0000000000000000     
  0.77978515625000000        0.0000000000000000     
  0.78076171875000000        0.0000000000000000     
  0.78173828125000000        0.0000000000000000     
  0.78271484375000000        0.0000000000000000     
  0.78369140625000000        0.0000000000000000     
  0.78466796875000000        0.0000000000000000     
  0.78564453125000000        0.0000000000000000     
  0.78662109375000000        0.0000000000000000     
  0.78759765625000000        0.0000000000000000     
  0.78857421875000000        0.0000000000000000     
  0.78955078125000000        0.0000000000000000     
  0.79052734375000000        0.0000000000000000     
  0.79150390625000000        0.0000000000000000     
  0.79248046875000000        0.0000000000000000     
  0.79345703125000000        0.0000000000000000     
  0.79443359375000000        0.0000000000000000     
  0.79541015625000000        0.0000000000000000     
  0.79638671875000000        0.0000000000000000     
  0.79736328125000000        0.0000000000000000     
  0.79833984375000000        0.0000000000000000     
  0.79931640625000000        0.0000000000000000     
  0.80029296875000000        0.0000000000000000     
  0.80126953125000000        0.0000000000000000     
  0.80224609375000000        0.0000000000000000     
  0.80322265625000000        0.0000000000000000     
  0.80419921875000000        0.0000000000000000     
  0.80517578125000000        0.0000000000000000     
  0.80615234375000000        0.0000000000000000     
  0.80712890625000000        0.0000000000000000     
  0.80810546875000000        0.0000000000000000     
  0.80908203125000000        0.0000000000000000     
  0.81005859375000000        0.0000000000000000     
  0.81103515625000000        0.0000000000000000     
  0.81201171875000000        0.0000000000000000     
  0.81298828125000000        0.0000000000000000     
  0.81396484375000000        0.0000000000000000     
  0.81494140625000000        0.0000000000000000     
  0.81591796875000000        0.0000000000000000     
  0.81689453125000000        0.0000000000000000     
  0.81787109375000000        0.0000000000000000     
  0.81884765625000000        0.0000000000000000     
  0.81982421875000000        0.0000000000000000     
  0.82080078125000000        0.0000000000000000     
  0.82177734375000000        0.0000000000000000     
  0.82275390625000000        0.0000000000000000     
  0.82373046875000000        0.0000000000000000     
  0.82470703125000000        0.0000000000000000     
  0.82568359375000000        0.0000000000000000     
  0.82666015625000000        0.0000000000000000     
  0.82763671875000000        0.0000000000000000     
  0.82861328125000000        0.0000000000000000     
  0.82958984375000000        0.0000000000000000     
  0.83056640625000000        0.0000000000000000     
  0.83154296875000000        0.0000000000000000     
  0.83251953125000000        0.0000000000000000     
  0.83349609375000000        0.0000000000000000     
  0.83447265625000000        0.0000000000000000     
  0.83544921875000000        0.0000000000000000     
  0.83642578125000000        0.0000000000000000     
  0.83740234375000000        0.0000000000000000     
  0.83837890625000000        0.0000000000000000     
  0.83935546875000000        0.0000000000000000     
  0.84033203125000000        0.0000000000000000     
  0.84130859375000000        0.0000000000000000     
  0.84228515625000000        0.0000000000000000     
  0.84326171875000000        0.0000000000000000     
  0.84423828125000000        0.0000000000000000     
  0.84521484375000000        0.0000000000000000     
  0.84619140625000000        0.0000000000000000     
  0.84716796875000000        0.0000000000000000     
  0.84814453125000000        0.0000000000000000     
  0.84912109375000000        0.0000000000000000     
  0.85009765625000000        0.0000000000000000     
  0.85107421875000000        0.0000000000000000     
  0.85205078125000000        0.0000000000000000     
  0.85302734375000000        0.0000000000000000     
  0.85400390625000000        0.0000000000000000     
  0.85498046875000000        0.0000000000000000     
  0.85595703125000000        0.0000000000000000     
  0.85693359375000000        0.0000000000000000     
  0.85791015625000000        0.0000000000000000     
  0.85888671875000000        0.0000000000000000     
  0.85986328125000000        0.0000000000000000     
  0.86083984375000000        0.0000000000000000     
  0.86181640625000000        0.0000000000000000     
  0.86279296875000000        0.0000000000000000     
  0.86376953125000000        0.0000000000000000     
  0.86474609375000000        0.0000000000000000     
  0.86572265625000000        0.0000000000000000     
  0.86669921875000000        0.0000000000000000     
  0.86767578125000000        0.0000000000000000     
  0.86865234375000000        0.0000000000000000     
  0.86962890625000000        0.0000000000000000     
  0.87060546875000000        0.0000000000000000     
  0.87158203125000000        0.0000000000000000     
  0.87255859375000000        0.0000000000000000     
  0.87353515625000000        0.0000000000000000     
  0.87451171875000000        0.0000000000000000     
  0.87548828125000000        0.0000000000000000     
  0.87646484375000000        0.0000000000000000     
  0.87744140625000000        0.0000000000000000     
  0.87841796875000000        0.0000000000000000     
  0.87939453125000000        0.0000000000000000     
  0.88037109375000000        0.0000000000000000     
  0.88134765625000000        0.0000000000000000     
  0.88232421875000000        0.0000000000000000     
  0.88330078125000000        0.0000000000000000     
  0.88427734375000000        0.0000000000000000     
  0.88525390625000000        0.0000000000000000     
  0.88623046875000000        0.0000000000000000     
  0.88720703125000000        0.0000000000000000     
  0.88818359375000000        0.0000000000000000     
  0.88916015625000000        0.0000000000000000     
  0.89013671875000000        0.0000000000000000     
  0.89111328125000000        0.0000000000000000     
  0.89208984375000000        0.0000000000000000     
  0.89306640625000000        0.0000000000000000     
  0.89404296875000000        0.0000000000000000     
  0.89501953125000000        0.0000000000000000     
  0.89599609375000000        0.0000000000000000     
  0.89697265625000000        0.0000000000000000     
  0.89794921875000000        0.0000000000000000     
  0.89892578125000000        0.0000000000000000     
  0.89990234375000000        0.0000000000000000     
  0.90087890625000000        0.0000000000000000     
  0.90185546875000000        0.0000000000000000     
  0.90283203125000000        0.0000000000000000     
  0.90380859375000000        0.0000000000000000     
  0.90478515625000000        0.0000000000000000     
  0.90576171875000000        0.0000000000000000     
  0.90673828125000000        0.0000000000000000     
  0.90771484375000000        0.0000000000000000     
  0.90869140625000000        0.0000000000000000     
  0.90966796875000000        0.0000000000000000     
  0.91064453125000000        0.0000000000000000     
  0.91162109375000000        0.0000000000000000     
  0.91259765625000000        0.0000000000000000     
  0.91357421875000000        0.0000000000000000     
  0.91455078125000000        0.0000000000000000     
  0.91552734375000000        0.0000000000000000     
  0.91650390625000000        0.0000000000000000     
  0.91748046875000000        0.0000000000000000     
  0.91845703125000000        0.0000000000000000     
  0.91943359375000000        0.0000000000000000     
  0.92041015625000000        0.0000000000000000     
  0.92138671875000000        0.0000000000000000     
  0.92236328125000000        0.0000000000000000     
  0.92333984375000000        0.0000000000000000     
  0.92431640625000000        0.0000000000000000     
  0.92529296875000000        0.0000000000000000     
  0.92626953125000000        0.0000000000000000     
  0.92724609375000000        0.0000000000000000     
  0.92822265625000000        0.0000000000000000     
  0.92919921875000000        0.0000000000000000     
  0.93017578125000000        0.0000000000000000     
  0.93115234375000000        0.0000000000000000     
  0.93212890625000000        0.0000000000000000     
  0.93310546875000000        0.0000000000000000     
  0.93408203125000000        0.0000000000000000     
  0.93505859375000000        0.0000000000000000     
  0.93603515625000000        0.0000000000000000     
  0.93701171875000000        0.0000000000000000     
  0.93798828125000000        0.0000000000000000     
  0.93896484375000000        0.0000000000000000     
  0.93994140625000000        0.0000000000000000     
  0.94091796875000000        0.0000000000000000     
  0.94189453125000000        0.0000000000000000     
  0.94287109375000000        0.0000000000000000     
  0.94384765625000000        0.0000000000000000     
  0.94482421875000000        0.0000000000000000     
  0.94580078125000000        0.0000000000000000     
  0.94677734375000000        0.0000000000000000     
  0.94775390625000000        0.0000000000000000     
  0.94873046875000000        0.0000000000000000     
  0.94970703125000000        0.0000000000000000     
  0.95068359375000000        0.0000000000000000     
  0.95166015625000000        0.0000000000000000     
  0.95263671875000000        0.0000000000000000     
  0.95361328125000000        0.0000000000000000     
  0.95458984375000000        0.0000000000000000     
  0.95556640625000000        0.0000000000000000     
  0.95654296875000000        0.0000000000000000     
  0.95751953125000000        0.0000000000000000     
  0.95849609375000000        0.0000000000000000     
  0.95947265625000000        0.0000000000000000     
  0.96044921875000000        0.0000000000000000     
  0.96142578125000000        0.0000000000000000     
  0.96240234375000000        0.0000000000000000     
  0.96337890625000000        0.0000000000000000     
  0.96435546875000000        0.0000000000000000     
  0.96533203125000000        0.0000000000000000     
  0.96630859375000000        0.0000000000000000     
  0.96728515625000000        0.0000000000000000     
  0.96826171875000000        0.0000000000000000     
  0.96923828125000000        0.0000000000000000     
  0.97021484375000000        0.0000000000000000     
  0.97119140625000000        0.0000000000000000     
  0.97216796875000000        0.0000000000000000     
  0.97314453125000000        0.0000000000000000     
  0.97412109375000000        0.0000000000000000     
  0.97509765625000000        0.0000000000000000     
  0.97607421875000000        0.0000000000000000     
  0.97705078125000000        0.0000000000000000     
  0.97802734375000000        0.0000000000000000     
  0.97900390625000000        0.0000000000000000     
  0.97998046875000000        0.0000000000000000     
  0.98095703125000000        0.0000000000000000     
  0.98193359375000000        0.0000000000000000     
  0.98291015625000000        0.0000000000000000     
  0.98388671875000000        0.0000000000000000     
  0.98486328125000000        0.0000000000000000     
  0.98583984375000000        0.0000000000000000     
  0.98681640625000000        0.0000000000000000     
  0.98779296875000000        0.0000000000000000     
  0.98876953125000000        0.0000000000000000     
  0.98974609375000000        0.0000000000000000     
  0.99072265625000000        0.0000000000000000     
  0.99169921875000000        0.0000000000000000     
  0.99267578125000000        0.0000000000000000     
  0.99365234375000000        0.0000000000000000     
  0.99462890625000000        0.0000000000000000     
  0.99560546875000000        0.0000000000000000     
  0.99658203125000000        0.0000000000000000     
  0.99755859375000000        0.0000000000000000     
  0.99853515625000000        0.0000000000000000     
  0.99951171875000000        0.0000000000000000     
