 # advection problem: u_t + a u_x = 0
 # a =    1.0000000000000000     
 # init =            2
 # slope type =            1
 # time =    5.0000000000000000     
  3.90625000000000000E-003  1.62732586429820109E-004
  1.17187500000000000E-002  2.00532638652785696E-004
  1.95312500000000000E-002  2.59089527699466263E-004
  2.73437500000000000E-002  3.42665997692472447E-004
  3.51562500000000000E-002  4.57331883539108524E-004
  4.29687500000000000E-002  6.11210236008473341E-004
  5.07812500000000000E-002  8.14799490288664325E-004
  5.85937500000000000E-002  1.08136888863289999E-003
  6.64062500000000000E-002  1.42742313037113287E-003
  7.42187500000000000E-002  1.87323021957046471E-003
  8.20312500000000000E-002  2.44340364552171445E-003
  8.98437500000000000E-002  3.16752634953231362E-003
  9.76562500000000000E-002  4.08079945046948504E-003
  0.10546875000000000       5.22469353998889722E-003
  0.11328125000000000       6.64757471558273787E-003
  0.12109375000000000       8.40527168083496021E-003
  0.12890625000000000       1.05615445802300350E-002
  0.13671875000000000       1.31884112049910889E-002
  0.14453125000000000       1.63662823292059327E-002
  0.15234375000000000       2.01838557790814839E-002
  0.16015625000000000       2.47377189809580289E-002
  0.16796875000000000       3.01316127224182766E-002
  0.17578125000000000       3.64753151595598388E-002
  0.18359375000000000       4.38831150379559581E-002
  0.19140625000000000       5.24718567956721504E-002
  0.19921875000000000       6.23585575675051559E-002
  0.20703125000000000       7.36576167053223790E-002
  0.21484375000000000       8.64776615516368585E-002
  0.22265625000000000       0.10091809781854263     
  0.23046875000000000       0.11706545770772588     
  0.23828125000000000       0.13498966230005136     
  0.24609375000000000       0.15474033503561618     
  0.25390625000000000       0.17634331854952906     
  0.26171875000000000       0.19979755607228350     
  0.26953125000000000       0.22507249963292267     
  0.27734375000000000       0.25210619938763723     
  0.28515625000000000       0.28080421101776681     
  0.29296875000000000       0.31103943139468188     
  0.30078125000000000       0.34265293736347352     
  0.30859375000000000       0.37545586000352504     
  0.31640625000000000       0.40923227916548693     
  0.32421875000000000       0.44374307306979299     
  0.33203125000000000       0.47873060825450492     
  0.33984375000000000       0.51392410931276078     
  0.34765625000000000       0.54904550872409474     
  0.35546875000000000       0.58381554741161534     
  0.36328125000000000       0.61795987866727065     
  0.37109375000000000       0.65121492327707720     
  0.37890625000000000       0.68333323268803658     
  0.38671875000000000       0.71408813960679096     
  0.39453125000000000       0.74327751031161038     
  0.40234375000000000       0.77072645816931185     
  0.41015625000000000       0.79628893067451145     
  0.41796875000000000       0.81984813959440417     
  0.42578125000000000       0.84131586209742804     
  0.43359375000000000       0.86063069667276926     
  0.44140625000000000       0.87775540806609775     
  0.44921875000000000       0.89267353767899038     
  0.45703125000000000       0.90538548783240924     
  0.46484375000000000       0.91590430861567917     
  0.47265625000000000       0.92425142411284544     
  0.48046875000000000       0.93045253071749767     
  0.48828125000000000       0.93453388475703270     
  0.49609375000000000       0.93651917102014293     
  0.50390625000000000       0.93642710968742049     
  0.51171875000000000       0.93426991853607633     
  0.51953125000000000       0.93005270219261793     
  0.52734375000000000       0.92377379273689608     
  0.53515625000000000       0.91542601816012159     
  0.54296875000000000       0.90499882898456341     
  0.55078125000000000       0.89248117056131337     
  0.55859375000000000       0.87786495081652505     
  0.56640625000000000       0.86114892198996518     
  0.57421875000000000       0.84234277149376990     
  0.58203125000000000       0.82147120249604588     
  0.58984375000000000       0.79857778003543911     
  0.59765625000000000       0.77372832392545665     
  0.60546875000000000       0.74701364556667427     
  0.61328125000000000       0.71855145176904056     
  0.62109375000000000       0.68848727401980869     
  0.62890625000000000       0.65699432501283617     
  0.63671875000000000       0.62427223385443609     
  0.64453125000000000       0.59054466487163271     
  0.65234375000000000       0.55605587967531300     
  0.66015625000000000       0.52106635513076960     
  0.66796875000000000       0.48584761815088823     
  0.67578125000000000       0.45067649887994260     
  0.68359375000000000       0.41582903435834606     
  0.69140625000000000       0.38157427318610959     
  0.69921875000000000       0.34816823679701997     
  0.70703125000000000       0.31584828432490120     
  0.71484375000000000       0.28482810619675231     
  0.72265625000000000       0.25529353791573484     
  0.73046875000000000       0.22739934217880486     
  0.73828125000000000       0.20126705731556074     
  0.74609375000000000       0.17698395625618682     
  0.75390625000000000       0.15460310622217296     
  0.76171875000000000       0.13414446837560581     
  0.76953125000000000       0.11559693171468995     
  0.77734375000000000       9.89211389701785959E-002
  0.78515625000000000       8.40529358409582289E-002
  0.79296875000000000       7.09072595143984546E-002
  0.80078125000000000       5.93822781422414722E-002
  0.80859375000000000       4.93635991161674101E-002
  0.81640625000000000       4.07283792851599394E-002
  0.82421875000000000       3.33491928572279828E-002
  0.83203125000000000       2.70975404935201065E-002
  0.83984375000000000       2.18469137732541473E-002
  0.84765625000000000       1.74753605835201616E-002
  0.85546875000000000       1.38675270881907682E-002
  0.86328125000000000       1.09161791152158245E-002
  0.87109375000000000       8.52322885184976509E-003
  0.87890625000000000       6.60031088740540336E-003
  0.88671875000000000       5.06896457381989830E-003
  0.89453125000000000       3.86048746952249262E-003
  0.90234375000000000       2.91552770891295157E-003
  0.91015625000000000       2.18348216263615199E-003
  0.91796875000000000       1.62176304274005176E-003
  0.92578125000000000       1.19498904864547223E-003
  0.93359375000000000       8.74149120412861277E-004
  0.94140625000000000       6.35778167077184048E-004
  0.94921875000000000       4.61175453467289138E-004
  0.95703125000000000       3.35688197873250664E-004
  0.96484375000000000       2.48075739921888624E-004
  0.97265625000000000       1.89963618075466374E-004
  0.98046875000000000       1.55392149399959762E-004
  0.98828125000000000       1.40460617353073007E-004
  0.99609375000000000       1.43065844149115924E-004
