 # advection problem: u_t + a u_x = 0
 # a =    1.0000000000000000     
 # init =            2
 # slope type =            2
 # time =    5.0000000000000000     
  3.90625000000000000E-003  1.18034419573757618E-025
  1.17187500000000000E-002  2.65978848371364528E-026
  1.95312500000000000E-002  5.94915569869715240E-027
  2.73437500000000000E-002  1.32035698705098348E-027
  3.51562500000000000E-002  2.90679709236832590E-028
  4.29687500000000000E-002  6.34571857914260538E-029
  5.07812500000000000E-002  1.37315858126944985E-029
  5.85937500000000000E-002  2.94374251572110539E-030
  6.64062500000000000E-002  6.24994440910235589E-031
  7.42187500000000000E-002  1.32234808501109118E-031
  8.20312500000000000E-002  2.96831834617704968E-032
  8.98437500000000000E-002  9.62579866418960647E-033
  9.76562500000000000E-002  6.56552002147216771E-033
  0.10546875000000000       6.75467031579584326E-033
  0.11328125000000000       2.23826485967874152E-032
  0.12109375000000000       2.94881670520563274E-031
  0.12890625000000000       4.63440738657571801E-030
  0.13671875000000000       7.32557511747705321E-029
  0.14453125000000000       1.15797810009409812E-027
  0.15234375000000000       1.83059380933727701E-026
  0.16015625000000000       2.89432447240597851E-025
  0.16796875000000000       4.57700991178473167E-024
  0.17578125000000000       7.23935277589669980E-023
  0.18359375000000000       1.14520805378390806E-021
  0.19140625000000000       1.81170872317798262E-020
  0.19921875000000000       2.86566250656642868E-019
  0.20703125000000000       4.53073189395316646E-018
  0.21484375000000000       7.15759100464921888E-017
  0.22265625000000000       1.12946991276458514E-015
  0.23046875000000000       1.77989803367860871E-014
  0.23828125000000000       2.80107260290676860E-013
  0.24609375000000000       4.40326950320446396E-012
  0.25390625000000000       6.91780527778617525E-011
  0.26171875000000000       1.08687996962912731E-009
  0.26953125000000000       1.70866268778968022E-008
  0.27734375000000000       2.68936822491101534E-007
  0.28515625000000000       4.23926964174862434E-006
  0.29296875000000000       6.66472951943491223E-005
  0.30078125000000000       1.06184672919613617E-003
  0.30859375000000000       1.70828684828124577E-002
  0.31640625000000000       9.77235123315034759E-002
  0.32421875000000000       0.22868321378669978     
  0.33203125000000000       0.38227748706696901     
  0.33984375000000000       0.53764834044296217     
  0.34765625000000000       0.67899644886250798     
  0.35546875000000000       0.79593058422229579     
  0.36328125000000000       0.88378139502286301     
  0.37109375000000000       0.94299625608527315     
  0.37890625000000000       0.97766894763291312     
  0.38671875000000000       0.99371995075079933     
  0.39453125000000000       0.99843385444524002     
  0.40234375000000000       0.99960976991180639     
  0.41015625000000000       0.99990285202783302     
  0.41796875000000000       0.99997583684946600     
  0.42578125000000000       0.99999399542274192     
  0.43359375000000000       0.99999850908849608     
  0.44140625000000000       0.99999963008844883     
  0.44921875000000000       0.99999990828760910     
  0.45703125000000000       0.99999997727990064     
  0.46484375000000000       0.99999999437673026     
  0.47265625000000000       0.99999999860970501     
  0.48046875000000000       0.99999999965666608     
  0.48828125000000000       0.99999999991531852     
  0.49609375000000000       0.99999999997913647     
  0.50390625000000000       0.99999999999485811     
  0.51171875000000000       0.99999999999872191     
  0.51953125000000000       0.99999999999966604     
  0.52734375000000000       0.99999999999989297     
  0.53515625000000000       0.99999999999994460     
  0.54296875000000000       0.99999999999995437     
  0.55078125000000000       0.99999999999995515     
  0.55859375000000000       0.99999999999994227     
  0.56640625000000000       0.99999999999969924     
  0.57421875000000000       0.99999999999578548     
  0.58203125000000000       0.99999999993395638     
  0.58984375000000000       0.99999999895781277     
  0.59765625000000000       0.99999998353711939     
  0.60546875000000000       0.99999973972033074     
  0.61328125000000000       0.99999588071049117     
  0.62109375000000000       0.99993504220477836     
  0.62890625000000000       0.99896320645497716     
  0.63671875000000000       0.98321411301839345     
  0.64453125000000000       0.90263361176825319     
  0.65234375000000000       0.77128048878971645     
  0.66015625000000000       0.61730777486704469     
  0.66796875000000000       0.46178292257992215     
  0.67578125000000000       0.32045850658605662     
  0.68359375000000000       0.20360347636906623     
  0.69140625000000000       0.11583260842065057     
  0.69921875000000000       5.67064678045934648E-002
  0.70703125000000000       2.21367923394402942E-002
  0.71484375000000000       6.20278936950836423E-003
  0.72265625000000000       1.54648586708072710E-003
  0.73046875000000000       3.85333575161490231E-004
  0.73828125000000000       9.59598188965990706E-005
  0.74609375000000000       2.38809271178812746E-005
  0.75390625000000000       5.93796292182653412E-006
  0.76171875000000000       1.47497684600358881E-006
  0.76953125000000000       3.65994319107622425E-007
  0.77734375000000000       9.07227016391722913E-008
  0.78515625000000000       2.24661775721221153E-008
  0.79296875000000000       5.55807513331277266E-009
  0.80078125000000000       1.37371185108715684E-009
  0.80859375000000000       3.39171023375242116E-010
  0.81640625000000000       8.36477379919874791E-011
  0.82421875000000000       2.06040593321213548E-011
  0.83203125000000000       5.06828950726910461E-012
  0.83984375000000000       1.24487820745938371E-012
  0.84765625000000000       3.05278820681829493E-013
  0.85546875000000000       7.47339057280960080E-014
  0.86328125000000000       1.82613775908144632E-014
  0.87109375000000000       4.45330338331813690E-015
  0.87890625000000000       1.08366357098050114E-015
  0.88671875000000000       2.63082561259329769E-016
  0.89453125000000000       6.37071159130881993E-017
  0.90234375000000000       1.53845951996403341E-017
  0.91015625000000000       3.70409340656099453E-018
  0.91796875000000000       8.88921134339446202E-019
  0.92578125000000000       2.12574284417718793E-019
  0.93359375000000000       5.06406149790311041E-020
  0.94140625000000000       1.20142614826976537E-020
  0.94921875000000000       2.83771917734943558E-021
  0.95703125000000000       6.67077475101738228E-022
  0.96484375000000000       1.56017963480732259E-022
  0.97265625000000000       3.62926548067175666E-023
  0.98046875000000000       8.39384678421806653E-024
  0.98828125000000000       1.92959622350927118E-024
  0.99609375000000000       4.39684618665110842E-025
