 # advection problem: u_t + a u_x = 0
 # a =    1.0000000000000000     
 # init =            2
 # slope type =            3
 # time =    5.0000000000000000     
  3.90625000000000000E-003  6.69097618586597979E-042
  1.17187500000000000E-002  2.83170842323183007E-042
  1.95312500000000000E-002  2.57952828852077224E-042
  2.73437500000000000E-002  2.89207496800619279E-042
  3.51562500000000000E-002  9.78058306146196445E-042
  4.29687500000000000E-002  1.02341447733042827E-040
  5.07812500000000000E-002  1.26620669615019531E-039
  5.85937500000000000E-002  1.57637997825874661E-038
  6.64062500000000000E-002  1.96122782538204724E-037
  7.42187500000000000E-002  2.43911117868787845E-036
  8.20312500000000000E-002  3.03258348866664496E-035
  8.98437500000000000E-002  3.76939087128329030E-034
  9.76562500000000000E-002  4.68382224867494319E-033
  0.10546875000000000       5.81828411104520385E-032
  0.11328125000000000       7.22523554070477161E-031
  0.12109375000000000       8.96959440940032026E-030
  0.12890625000000000       1.11317356576640302E-028
  0.13671875000000000       1.38112269746917739E-027
  0.14453125000000000       1.71314780646854491E-026
  0.15234375000000000       2.12455168045128104E-025
  0.16015625000000000       2.63431514455253055E-024
  0.16796875000000000       3.26598374999896922E-023
  0.17578125000000000       4.04876490457482910E-022
  0.18359375000000000       5.01888666651089093E-021
  0.19140625000000000       6.22128415458142086E-020
  0.19921875000000000       7.71169519624529861E-019
  0.20703125000000000       9.55925421250755127E-018
  0.21484375000000000       1.18496540634506473E-016
  0.22265625000000000       1.46888795909499063E-015
  0.23046875000000000       1.82074110177359136E-014
  0.23828125000000000       2.25647335126913643E-013
  0.24609375000000000       2.79541586106760010E-012
  0.25390625000000000       3.46085775716912850E-011
  0.26171875000000000       4.28088093816886165E-010
  0.26953125000000000       5.28971296996346480E-009
  0.27734375000000000       6.52989483504597938E-008
  0.28515625000000000       8.05511571148289210E-007
  0.29296875000000000       9.93300691713303925E-006
  0.30078125000000000       1.22569413895884280E-004
  0.30859375000000000       1.51453799765712276E-003
  0.31640625000000000       1.81858519212940613E-002
  0.32421875000000000       0.10411420450222589     
  0.33203125000000000       0.27308692629591830     
  0.33984375000000000       0.49630035261295596     
  0.34765625000000000       0.72824959882203832     
  0.35546875000000000       0.91055688309300120     
  0.36328125000000000       0.98815893878433936     
  0.37109375000000000       0.99877482383406535     
  0.37890625000000000       0.99987305841343166     
  0.38671875000000000       0.99998683559433366     
  0.39453125000000000       0.99999863480283213     
  0.40234375000000000       0.99999985858008156     
  0.41015625000000000       0.99999998537934731     
  0.41796875000000000       0.99999999849177046     
  0.42578125000000000       0.99999999984466825     
  0.43359375000000000       0.99999999998401312     
  0.44140625000000000       0.99999999999835421     
  0.44921875000000000       0.99999999999982980     
  0.45703125000000000       0.99999999999998179     
  0.46484375000000000       0.99999999999999756     
  0.47265625000000000       0.99999999999999911     
  0.48046875000000000       0.99999999999999911     
  0.48828125000000000       0.99999999999999911     
  0.49609375000000000       0.99999999999999911     
  0.50390625000000000       0.99999999999999911     
  0.51171875000000000       0.99999999999999911     
  0.51953125000000000       0.99999999999999911     
  0.52734375000000000       0.99999999999999911     
  0.53515625000000000       0.99999999999999911     
  0.54296875000000000       0.99999999999999889     
  0.55078125000000000       0.99999999999999789     
  0.55859375000000000       0.99999999999998190     
  0.56640625000000000       0.99999999999978384     
  0.57421875000000000       0.99999999999729638     
  0.58203125000000000       0.99999999996664168     
  0.58984375000000000       0.99999999958759045     
  0.59765625000000000       0.99999999490118563     
  0.60546875000000000       0.99999993694715605     
  0.61328125000000000       0.99999922011585973     
  0.62109375000000000       0.99999035295136118     
  0.62890625000000000       0.99988059755475278     
  0.63671875000000000       0.99852075096122506     
  0.64453125000000000       0.98216414165285726     
  0.65234375000000000       0.89655866549928309     
  0.66015625000000000       0.72715693957870375     
  0.66796875000000000       0.50333996651517932     
  0.67578125000000000       0.27096735674264277     
  0.68359375000000000       8.85941242141774499E-002
  0.69140625000000000       1.16280825054608447E-002
  0.69921875000000000       1.19874931614494707E-003
  0.70703125000000000       1.23613835332822753E-004
  0.71484375000000000       1.27535298190748750E-005
  0.72265625000000000       1.31674221972059928E-006
  0.73046875000000000       1.36054304347079426E-007
  0.73828125000000000       1.40681178892551374E-008
  0.74609375000000000       1.45536061448780395E-009
  0.75390625000000000       1.50571766889763962E-010
  0.76171875000000000       1.55717603212193501E-011
  0.76953125000000000       1.60896315457780597E-012
  0.77734375000000000       1.66047158868990547E-013
  0.78515625000000000       1.71144720656700816E-014
  0.79296875000000000       1.76205110185645270E-015
  0.80078125000000000       1.81276867725112953E-016
  0.80859375000000000       1.86421605082421845E-017
  0.81640625000000000       1.91694230664549155E-018
  0.82421875000000000       1.97131228038747404E-019
  0.83203125000000000       2.02749071146329833E-020
  0.83984375000000000       2.08548678501054653E-021
  0.84765625000000000       2.14520305292304638E-022
  0.85546875000000000       2.20646203361956125E-023
  0.86328125000000000       2.26901914759588289E-024
  0.87109375000000000       2.33258203303160914E-025
  0.87890625000000000       2.39684537738736230E-026
  0.88671875000000000       2.46153555500932423E-027
  0.89453125000000000       2.52645228971830639E-028
  0.90234375000000000       2.59149531279685480E-029
  0.91015625000000000       2.65666873495090679E-030
  0.91796875000000000       2.72206203380873135E-031
  0.92578125000000000       2.78781254985679793E-032
  0.93359375000000000       2.85405859686058578E-033
  0.94140625000000000       2.92089360470780320E-034
  0.94921875000000000       2.98832999202398414E-035
  0.95703125000000000       3.05627724968892637E-036
  0.96484375000000000       3.12453232121084001E-037
  0.97265625000000000       3.19279137878188665E-038
  0.98046875000000000       3.26114352597113213E-039
  0.98828125000000000       3.33886939633067639E-040
  0.99609375000000000       3.55437925757758462E-041
