 # advection problem: u_t + a u_x = 0
 # a =    1.0000000000000000     
 # init =            2
 # slope type =            3
 # time =    5.0000000000000000     
  4.88281250000000000E-004  1.06780214264942197E-171
  1.46484375000000000E-003  1.13234089245579580E-171
  2.44140625000000000E-003  1.25236692945365796E-171
  3.41796875000000000E-003  1.43168186343753643E-171
  4.39453125000000000E-003  1.67671214523481672E-171
  5.37109375000000000E-003  1.99669517238403680E-171
  6.34765625000000000E-003  2.40397643229386905E-171
  7.32421875000000000E-003  2.91442518211528110E-171
  8.30078125000000000E-003  3.54798026790027626E-171
  9.27734375000000000E-003  4.32934202687334976E-171
  1.02539062500000000E-002  5.28883092391499810E-171
  1.12304687500000000E-002  6.46343878001070172E-171
  1.22070312500000000E-002  7.89810429826680776E-171
  1.31835937500000000E-002  9.64725123564609581E-171
  1.41601562500000000E-002  1.17766351743813166E-170
  1.51367187500000000E-002  1.43655536031776201E-170
  1.61132812500000000E-002  1.75094841341608787E-170
  1.70898437500000000E-002  2.13232273926438844E-170
  1.80664062500000000E-002  2.59446446892603777E-170
  1.90429687500000000E-002  3.15390963191324765E-170
  2.00195312500000000E-002  3.83047045720243258E-170
  2.09960937500000000E-002  4.64785866682412583E-170
  2.19726562500000000E-002  5.63442272965998396E-170
  2.29492187500000000E-002  6.82401887209091259E-170
  2.39257812500000000E-002  8.25703891036895362E-170
  2.49023437500000000E-002  9.98162174077353651E-170
  2.58789062500000000E-002  1.20550796697515839E-169
  2.68554687500000000E-002  1.45455757685187759E-169
  2.78320312500000000E-002  1.75340941864302528E-169
  2.88085937500000000E-002  2.11167519575686555E-169
  2.97851562500000000E-002  2.54075084007487525E-169
  3.07617187500000000E-002  3.05413368736497946E-169
  3.17382812500000000E-002  3.66779335414471996E-169
  3.27148437500000000E-002  4.40060491202416437E-169
  3.36914062500000000E-002  5.27485424352088403E-169
  3.46679687500000000E-002  6.31682692921457141E-169
  3.56445312500000000E-002  7.55749368201659647E-169
  3.66210937500000000E-002  9.03330723475248497E-169
  3.75976562500000000E-002  1.07871277292321079E-168
  3.85742187500000000E-002  1.28692960783096338E-168
  3.95507812500000000E-002  1.53388775098733867E-168
  4.05273437500000000E-002  1.82651005891888342E-168
  4.15039062500000000E-002  2.17290204928670043E-168
  4.24804687500000000E-002  2.58254392168649996E-168
  4.34570312500000000E-002  3.06651197890717335E-168
  4.44335937500000000E-002  3.63773364749261449E-168
  4.54101562500000000E-002  4.31128084670942472E-168
  4.63867187500000000E-002  5.10470706968089136E-168
  4.73632812500000000E-002  6.03843422588997662E-168
  4.83398437500000000E-002  7.13619605733220521E-168
  4.93164062500000000E-002  8.42554578864040272E-168
  5.02929687500000000E-002  9.93843661231673098E-168
  5.12695312500000000E-002  1.17118846520854866E-167
  5.22460937500000000E-002  1.37887251990936264E-167
  5.32226562500000000E-002  1.62184742864731390E-167
  5.41992187500000000E-002  1.90583090673268656E-167
  5.51757812500000000E-002  2.23741819996154865E-167
  5.61523437500000000E-002  2.62420855292000689E-167
  5.71289062500000000E-002  3.07494858102597294E-167
  5.81054687500000000E-002  3.59969460215610840E-167
  5.90820312500000000E-002  4.20999620389089850E-167
  6.00585937500000000E-002  4.91910356199736368E-167
  6.10351562500000000E-002  5.74220128589901683E-167
  6.20117187500000000E-002  6.69667184868711023E-167
  6.29882812500000000E-002  7.80239196381088806E-167
  6.39648437500000000E-002  9.08206559901060068E-167
  6.49414062500000000E-002  1.05615976713283672E-166
  6.59179687500000000E-002  1.22705128460707590E-166
  6.68945312500000000E-002  1.42424242682222899E-166
  6.78710937500000000E-002  1.65155574877112493E-166
  6.88476562500000000E-002  1.91333353006431934E-166
  6.98242187500000000E-002  2.21450297174919401E-166
  7.08007812500000000E-002  2.56064877864044176E-166
  7.17773437500000000E-002  2.95809385451138706E-166
  7.27539062500000000E-002  3.41398889480560561E-166
  7.37304687500000000E-002  3.93641172154100266E-166
  7.47070312500000000E-002  4.53447726768358939E-166
  7.56835937500000000E-002  5.21845918331459173E-166
  7.66601562500000000E-002  5.99992410320605745E-166
  7.76367187500000000E-002  6.89187968471123291E-166
  7.86132812500000000E-002  7.90893759586735371E-166
  7.95898437500000000E-002  9.06749270594267783E-166
  8.05664062500000000E-002  1.03859198039169539E-165
  8.15429687500000000E-002  1.18847892440788197E-165
  8.25195312500000000E-002  1.35871029914984688E-165
  8.34960937500000000E-002  1.55185526129586494E-165
  8.44726562500000000E-002  1.77078008302941188E-165
  8.54492187500000000E-002  2.01867883222105221E-165
  8.64257812500000000E-002  2.29910675266577892E-165
  8.74023437500000000E-002  2.61601652577641995E-165
  8.83789062500000000E-002  2.97379760081533914E-165
  8.93554687500000000E-002  3.37731878580377119E-165
  9.03320312500000000E-002  3.83197429555905250E-165
  9.13085937500000000E-002  4.34373345674419058E-165
  9.22851562500000000E-002  4.91919427223256835E-165
  9.32617187500000000E-002  5.56564104834542880E-165
  9.42382812500000000E-002  6.29110628845520496E-165
  9.52148437500000000E-002  7.10443705489994127E-165
  9.61914062500000000E-002  8.01536599795143292E-165
  9.71679687500000000E-002  9.03458724554395123E-165
  9.81445312500000000E-002  1.01738373404163136E-164
  9.91210937500000000E-002  1.14459814020572637E-164
  0.10009765625000000       1.28651046791769553E-164
  0.10107421875000000       1.44466096441573593E-164
  0.10205078125000000       1.62073187638604937E-164
  0.10302734375000000       1.81655830610957547E-164
  0.10400390625000000       2.03413965577677970E-164
  0.10498046875000000       2.27565166640540795E-164
  0.10595703125000000       2.54345905477149888E-164
  0.10693359375000000       2.84012874836559239E-164
  0.10791015625000000       3.16844371459994566E-164
  0.10888671875000000       3.53141737630790539E-164
  0.10986328125000000       3.93230860098716791E-164
  0.11083984375000000       4.37463724624397490E-164
  0.11181640625000000       4.86220023850261430E-164
  0.11279296875000000       5.39908815627065481E-164
  0.11376953125000000       5.98970228312426181E-164
  0.11474609375000000       6.63877208914362038E-164
  0.11572265625000000       7.35137309284826225E-164
  0.11669921875000000       8.13294504884030392E-164
  0.11767578125000000       8.98931039947033760E-164
  0.11865234375000000       9.92669292203637025E-164
  0.11962890625000000       1.09517364964854119E-163
  0.12060546875000000       1.20715239125226860E-163
  0.12158203125000000       1.32935956296993328E-163
  0.12255859375000000       1.46259683997429724E-163
  0.12353515625000000       1.60771536574575470E-163
  0.12451171875000000       1.76561755853303782E-163
  0.12548828125000000       1.93725887579602835E-163
  0.12646484375000000       2.12364952759972233E-163
  0.12744140625000000       2.32585613059007972E-163
  0.12841796875000000       2.54500329518975497E-163
  0.12939453125000000       2.78227514003993565E-163
  0.13037109375000000       3.03891672950818693E-163
  0.13134765625000000       3.31623543228852066E-163
  0.13232421875000000       3.61560220172124580E-163
  0.13330078125000000       3.93845278140502823E-163
  0.13427734375000000       4.28628884286586771E-163
  0.13525390625000000       4.66067906533541201E-163
  0.13623046875000000       5.06326017085332122E-163
  0.13720703125000000       5.49573793064365805E-163
  0.13818359375000000       5.95988816062877840E-163
  0.13916015625000000       6.45755772453943861E-163
  0.14013671875000000       6.99066556175210565E-163
  0.14111328125000000       7.56120375302214476E-163
  0.14208984375000000       8.17123862987439482E-163
  0.14306640625000000       8.82291192167262866E-163
  0.14404296875000000       9.51844191738552005E-163
  0.14501953125000000       1.02601245958778055E-162
  0.14599609375000000       1.10503346483446512E-162
  0.14697265625000000       1.18915262786205663E-162
  0.14794921875000000       1.27862336211863021E-162
  0.14892578125000000       1.37370705628857941E-162
  0.14990234375000000       1.47467296934160366E-162
  0.15087890625000000       1.58179800431923979E-162
  0.15185546875000000       1.69536631979482649E-162
  0.15283203125000000       1.81566873114915784E-162
  0.15380859375000000       1.94300184771386842E-162
  0.15478515625000000       2.07766688721174801E-162
  0.15576171875000000       2.21996810674758870E-162
  0.15673828125000000       2.37021079108970502E-162
  0.15771484375000000       2.52869874558653141E-162
  0.15869140625000000       2.69573125446323072E-162
  0.15966796875000000       2.87159948728175329E-162
  0.16064453125000000       3.05658236889925077E-162
  0.16162109375000000       3.25094197298685231E-162
  0.16259765625000000       3.45491855709413252E-162
  0.16357421875000000       3.66872542802289540E-162
  0.16455078125000000       3.89254390704134362E-162
  0.16552734375000000       4.12651874802673722E-162
  0.16650390625000000       4.37075443377136718E-162
  0.16748046875000000       4.62531281163922949E-162
  0.16845703125000000       4.89021249012664946E-162
  0.16943359375000000       5.16543024591687882E-162
  0.17041015625000000       5.45090431513429487E-162
  0.17138671875000000       5.74653879093833401E-162
  0.17236328125000000       6.05220738647598555E-162
  0.17333984375000000       6.36775361218309566E-162
  0.17431640625000000       6.69298321369280999E-162
  0.17529296875000000       7.02764404900011247E-162
  0.17626953125000000       7.37138926619443121E-162
  0.17724609375000000       7.72372263129368817E-162
  0.17822265625000000       8.08393081925623328E-162
  0.17919921875000000       8.45101614603262989E-162
  0.18017578125000000       8.82365506966399559E-162
  0.18115234375000000       9.20020604348447903E-162
  0.18212890625000000       9.57868013153391487E-162
  0.18310546875000000       9.95873130851951274E-162
  0.18408203125000000       1.03318646428024847E-161
  0.18505859375000000       1.06696140383748378E-161
  0.18603515625000000       1.43594607755323530E-161
  0.18701171875000000       6.75215905744716810E-161
  0.18798828125000000       7.31053813975635676E-160
  0.18896484375000000       8.88341813963696521E-159
  0.18994140625000000       1.08895442409909845E-157
  0.19091796875000000       1.33567334090661396E-156
  0.19189453125000000       1.63835686507654755E-155
  0.19287109375000000       2.00963801247908484E-154
  0.19384765625000000       2.46505595008519422E-153
  0.19482421875000000       3.02367346764411071E-152
  0.19580078125000000       3.70887158168942701E-151
  0.19677734375000000       4.54932709806676076E-150
  0.19775390625000000       5.58021174941958927E-149
  0.19873046875000000       6.84466280830175736E-148
  0.19970703125000000       8.39558659691906684E-147
  0.20068359375000000       1.02978702412209773E-145
  0.20166015625000000       1.26310940725635550E-144
  0.20263671875000000       1.54928579940165137E-143
  0.20361328125000000       1.90028607779642760E-142
  0.20458984375000000       2.33079027197115671E-141
  0.20556640625000000       2.85880206538245462E-140
  0.20654296875000000       3.50640116598356116E-139
  0.20751953125000000       4.30066598216740465E-138
  0.20849609375000000       5.27480515896527216E-137
  0.20947265625000000       6.46954526046095837E-136
  0.21044921875000000       7.93483259359622898E-135
  0.21142578125000000       9.73192030427566591E-134
  0.21240234375000000       1.19359279889546308E-132
  0.21337890625000000       1.46389808284238078E-131
  0.21435546875000000       1.79540594929382627E-130
  0.21533203125000000       2.20197218044091665E-129
  0.21630859375000000       2.70058936173755248E-128
  0.21728515625000000       3.31209711233697435E-127
  0.21826171875000000       4.06205316665874809E-126
  0.21923828125000000       4.98180174803642514E-125
  0.22021484375000000       6.10978393321690665E-124
  0.22119140625000000       7.49314483561875594E-123
  0.22216796875000000       9.18970485962396924E-122
  0.22314453125000000       1.12703775176634490E-120
  0.22412109375000000       1.38221349940328959E-119
  0.22509765625000000       1.69516455661228847E-118
  0.22607421875000000       2.07897351139098217E-117
  0.22705078125000000       2.54968594379663469E-116
  0.22802734375000000       3.12698164068406850E-115
  0.22900390625000000       3.83499788346391154E-114
  0.22998046875000000       4.70333926173605082E-113
  0.23095703125000000       5.76831626909524213E-112
  0.23193359375000000       7.07446450758120173E-111
  0.23291015625000000       8.67640806399594169E-110
  0.23388671875000000       1.06411450149460871E-108
  0.23486328125000000       1.30508506692370827E-107
  0.23583984375000000       1.60063158034304934E-106
  0.23681640625000000       1.96311636930600576E-105
  0.23779296875000000       2.40770222968011293E-104
  0.23876953125000000       2.95298678731815419E-103
  0.23974609375000000       3.62178052660544871E-102
  0.24072265625000000       4.44206101297788089E-101
  0.24169921875000000       5.44814319836642312E-100
  0.24267578125000000       6.68211472597840319E-099
  0.24365234375000000       8.19559622046896560E-098
  0.24462890625000000       1.00519001229846594E-096
  0.24560546875000000       1.23286782734651159E-095
  0.24658203125000000       1.51211688480725350E-094
  0.24755859375000000       1.85461782766453033E-093
  0.24853515625000000       2.27469644331307471E-092
  0.24951171875000000       2.78992249832168406E-091
  0.25048828125000000       3.42184408439035995E-090
  0.25146484375000000       4.19688811614994546E-089
  0.25244140625000000       5.14746453704077013E-088
  0.25341796875000000       6.31332025895346295E-087
  0.25439453125000000       7.74319923014172593E-086
  0.25537109375000000       9.49687771488185892E-085
  0.25634765625000000       1.16476593893152378E-083
  0.25732421875000000       1.42854338329763902E-082
  0.25830078125000000       1.75204251802507330E-081
  0.25927734375000000       2.14877860077077861E-080
  0.26025390625000000       2.63532260855965529E-079
  0.26123046875000000       3.23199077676969099E-078
  0.26220703125000000       3.96368911789109089E-077
  0.26318359375000000       4.86094749902546674E-076
  0.26416015625000000       5.96118548976165279E-075
  0.26513671875000000       7.31026149493773224E-074
  0.26611328125000000       8.96436802974134859E-073
  0.26708984375000000       1.09923498344708468E-071
  0.26806640625000000       1.34785384293306026E-070
  0.26904296875000000       1.65262173797013435E-069
  0.27001953125000000       2.02618578558746869E-068
  0.27099609375000000       2.48402951204424702E-067
  0.27197265625000000       3.04510547214884246E-066
  0.27294921875000000       3.73260841009467094E-065
  0.27392578125000000       4.57492031396751286E-064
  0.27490234375000000       5.60676584392652819E-063
  0.27587890625000000       6.87062540617887392E-062
  0.27685546875000000       8.41846398971098410E-061
  0.27783203125000000       1.03138472532809936E-059
  0.27880859375000000       1.26345328201953407E-058
  0.27978515625000000       1.54756450021730236E-057
  0.28076171875000000       1.89535660702613348E-056
  0.28173828125000000       2.32107077348423397E-055
  0.28271484375000000       2.84213639171460647E-054
  0.28369140625000000       3.47988916844920664E-053
  0.28466796875000000       4.26045232018848809E-052
  0.28564453125000000       5.21581799539994714E-051
  0.28662109375000000       6.38517440558199767E-050
  0.28759765625000000       7.81653435775835529E-049
  0.28857421875000000       9.56873336353837702E-048
  0.28955078125000000       1.17138807702688995E-046
  0.29052734375000000       1.43403660553872011E-045
  0.29150390625000000       1.75565453320909649E-044
  0.29248046875000000       2.14952612008798350E-043
  0.29345703125000000       2.63193835367075440E-042
  0.29443359375000000       3.22286010837578773E-041
  0.29541015625000000       3.94677456245594482E-040
  0.29638671875000000       4.83369941805863235E-039
  0.29736328125000000       5.92043728561916684E-038
  0.29833984375000000       7.25210818183693476E-037
  0.29931640625000000       8.88402784996353455E-036
  0.30029296875000000       1.08840100300129355E-034
  0.30126953125000000       1.33351884823159095E-033
  0.30224609375000000       1.63394762327607982E-032
  0.30322265625000000       2.00218060597595860E-031
  0.30419921875000000       2.45353287823987612E-030
  0.30517578125000000       3.00677857868704051E-029
  0.30615234375000000       3.68493211007021568E-028
  0.30712890625000000       4.51620582232968575E-027
  0.30810546875000000       5.53518403383858384E-026
  0.30908203125000000       6.78426225238871016E-025
  0.31005859375000000       8.31541148818851730E-024
  0.31103515625000000       1.01923410725592600E-022
  0.31201171875000000       1.24931499706081712E-021
  0.31298828125000000       1.53135768932804537E-020
  0.31396484375000000       1.87709844186570311E-019
  0.31494140625000000       2.30092428595387874E-018
  0.31591796875000000       2.82047170332882030E-017
  0.31689453125000000       3.45736049553611120E-016
  0.31787109375000000       4.23809336936972892E-015
  0.31884765625000000       5.19515865610184387E-014
  0.31982421875000000       6.36838201904316093E-013
  0.32080078125000000       7.80658327222651138E-012
  0.32177734375000000       9.56960818007404524E-011
  0.32275390625000000       1.17308167089927772E-009
  0.32373046875000000       1.43801093177433654E-008
  0.32470703125000000       1.76279026601419070E-007
  0.32568359375000000       2.16092888342323080E-006
  0.32666015625000000       2.64808978661702787E-005
  0.32763671875000000       3.25194287223137639E-004
  0.32861328125000000       3.97972115577130067E-003
  0.32958984375000000       3.14306187867129522E-002
  0.33056640625000000       0.10081373317064256     
  0.33154296875000000       0.20690772129352852     
  0.33251953125000000       0.34181080662703212     
  0.33349609375000000       0.49472017134183832     
  0.33447265625000000       0.65164682970143162     
  0.33544921875000000       0.79613992654746202     
  0.33642578125000000       0.91078041768324935     
  0.33740234375000000       0.97935415224802302     
  0.33837890625000000       0.99773243055274907     
  0.33935546875000000       0.99976395949285224     
  0.34033203125000000       0.99997542926092065     
  0.34130859375000000       0.99999744225833864     
  0.34228515625000000       0.99999973374178164     
  0.34326171875000000       0.99999997228222004     
  0.34423828125000000       0.99999999711447851     
  0.34521484375000000       0.99999999969959785     
  0.34619140625000000       0.99999999996872468     
  0.34716796875000000       0.99999999999674372     
  0.34814453125000000       0.99999999999966094     
  0.34912109375000000       0.99999999999996458     
  0.35009765625000000       0.99999999999999589     
  0.35107421875000000       0.99999999999999889     
  0.35205078125000000       0.99999999999999911     
  0.35302734375000000       0.99999999999999911     
  0.35400390625000000       0.99999999999999911     
  0.35498046875000000       0.99999999999999911     
  0.35595703125000000       0.99999999999999911     
  0.35693359375000000       0.99999999999999911     
  0.35791015625000000       0.99999999999999911     
  0.35888671875000000       0.99999999999999911     
  0.35986328125000000       0.99999999999999911     
  0.36083984375000000       0.99999999999999911     
  0.36181640625000000       0.99999999999999911     
  0.36279296875000000       0.99999999999999911     
  0.36376953125000000       0.99999999999999911     
  0.36474609375000000       0.99999999999999911     
  0.36572265625000000       0.99999999999999911     
  0.36669921875000000       0.99999999999999911     
  0.36767578125000000       0.99999999999999911     
  0.36865234375000000       0.99999999999999911     
  0.36962890625000000       0.99999999999999911     
  0.37060546875000000       0.99999999999999911     
  0.37158203125000000       0.99999999999999911     
  0.37255859375000000       0.99999999999999911     
  0.37353515625000000       0.99999999999999911     
  0.37451171875000000       0.99999999999999911     
  0.37548828125000000       0.99999999999999911     
  0.37646484375000000       0.99999999999999911     
  0.37744140625000000       0.99999999999999911     
  0.37841796875000000       0.99999999999999911     
  0.37939453125000000       0.99999999999999911     
  0.38037109375000000       0.99999999999999911     
  0.38134765625000000       0.99999999999999911     
  0.38232421875000000       0.99999999999999911     
  0.38330078125000000       0.99999999999999911     
  0.38427734375000000       0.99999999999999911     
  0.38525390625000000       0.99999999999999911     
  0.38623046875000000       0.99999999999999911     
  0.38720703125000000       0.99999999999999911     
  0.38818359375000000       0.99999999999999911     
  0.38916015625000000       0.99999999999999911     
  0.39013671875000000       0.99999999999999911     
  0.39111328125000000       0.99999999999999911     
  0.39208984375000000       0.99999999999999911     
  0.39306640625000000       0.99999999999999911     
  0.39404296875000000       0.99999999999999911     
  0.39501953125000000       0.99999999999999911     
  0.39599609375000000       0.99999999999999911     
  0.39697265625000000       0.99999999999999911     
  0.39794921875000000       0.99999999999999911     
  0.39892578125000000       0.99999999999999911     
  0.39990234375000000       0.99999999999999911     
  0.40087890625000000       0.99999999999999911     
  0.40185546875000000       0.99999999999999911     
  0.40283203125000000       0.99999999999999911     
  0.40380859375000000       0.99999999999999911     
  0.40478515625000000       0.99999999999999911     
  0.40576171875000000       0.99999999999999911     
  0.40673828125000000       0.99999999999999911     
  0.40771484375000000       0.99999999999999911     
  0.40869140625000000       0.99999999999999911     
  0.40966796875000000       0.99999999999999911     
  0.41064453125000000       0.99999999999999911     
  0.41162109375000000       0.99999999999999911     
  0.41259765625000000       0.99999999999999911     
  0.41357421875000000       0.99999999999999911     
  0.41455078125000000       0.99999999999999911     
  0.41552734375000000       0.99999999999999911     
  0.41650390625000000       0.99999999999999911     
  0.41748046875000000       0.99999999999999911     
  0.41845703125000000       0.99999999999999911     
  0.41943359375000000       0.99999999999999911     
  0.42041015625000000       0.99999999999999911     
  0.42138671875000000       0.99999999999999911     
  0.42236328125000000       0.99999999999999911     
  0.42333984375000000       0.99999999999999911     
  0.42431640625000000       0.99999999999999911     
  0.42529296875000000       0.99999999999999911     
  0.42626953125000000       0.99999999999999911     
  0.42724609375000000       0.99999999999999911     
  0.42822265625000000       0.99999999999999911     
  0.42919921875000000       0.99999999999999911     
  0.43017578125000000       0.99999999999999911     
  0.43115234375000000       0.99999999999999911     
  0.43212890625000000       0.99999999999999911     
  0.43310546875000000       0.99999999999999911     
  0.43408203125000000       0.99999999999999911     
  0.43505859375000000       0.99999999999999911     
  0.43603515625000000       0.99999999999999911     
  0.43701171875000000       0.99999999999999911     
  0.43798828125000000       0.99999999999999911     
  0.43896484375000000       0.99999999999999911     
  0.43994140625000000       0.99999999999999911     
  0.44091796875000000       0.99999999999999911     
  0.44189453125000000       0.99999999999999911     
  0.44287109375000000       0.99999999999999911     
  0.44384765625000000       0.99999999999999911     
  0.44482421875000000       0.99999999999999911     
  0.44580078125000000       0.99999999999999911     
  0.44677734375000000       0.99999999999999911     
  0.44775390625000000       0.99999999999999911     
  0.44873046875000000       0.99999999999999911     
  0.44970703125000000       0.99999999999999911     
  0.45068359375000000       0.99999999999999911     
  0.45166015625000000       0.99999999999999911     
  0.45263671875000000       0.99999999999999911     
  0.45361328125000000       0.99999999999999911     
  0.45458984375000000       0.99999999999999911     
  0.45556640625000000       0.99999999999999911     
  0.45654296875000000       0.99999999999999911     
  0.45751953125000000       0.99999999999999911     
  0.45849609375000000       0.99999999999999911     
  0.45947265625000000       0.99999999999999911     
  0.46044921875000000       0.99999999999999911     
  0.46142578125000000       0.99999999999999911     
  0.46240234375000000       0.99999999999999911     
  0.46337890625000000       0.99999999999999911     
  0.46435546875000000       0.99999999999999911     
  0.46533203125000000       0.99999999999999911     
  0.46630859375000000       0.99999999999999911     
  0.46728515625000000       0.99999999999999911     
  0.46826171875000000       0.99999999999999911     
  0.46923828125000000       0.99999999999999911     
  0.47021484375000000       0.99999999999999911     
  0.47119140625000000       0.99999999999999911     
  0.47216796875000000       0.99999999999999911     
  0.47314453125000000       0.99999999999999911     
  0.47412109375000000       0.99999999999999911     
  0.47509765625000000       0.99999999999999911     
  0.47607421875000000       0.99999999999999911     
  0.47705078125000000       0.99999999999999911     
  0.47802734375000000       0.99999999999999911     
  0.47900390625000000       0.99999999999999911     
  0.47998046875000000       0.99999999999999911     
  0.48095703125000000       0.99999999999999911     
  0.48193359375000000       0.99999999999999911     
  0.48291015625000000       0.99999999999999911     
  0.48388671875000000       0.99999999999999911     
  0.48486328125000000       0.99999999999999911     
  0.48583984375000000       0.99999999999999911     
  0.48681640625000000       0.99999999999999911     
  0.48779296875000000       0.99999999999999911     
  0.48876953125000000       0.99999999999999911     
  0.48974609375000000       0.99999999999999911     
  0.49072265625000000       0.99999999999999911     
  0.49169921875000000       0.99999999999999911     
  0.49267578125000000       0.99999999999999911     
  0.49365234375000000       0.99999999999999911     
  0.49462890625000000       0.99999999999999911     
  0.49560546875000000       0.99999999999999911     
  0.49658203125000000       0.99999999999999911     
  0.49755859375000000       0.99999999999999911     
  0.49853515625000000       0.99999999999999911     
  0.49951171875000000       0.99999999999999911     
  0.50048828125000000       0.99999999999999911     
  0.50146484375000000       0.99999999999999911     
  0.50244140625000000       0.99999999999999911     
  0.50341796875000000       0.99999999999999911     
  0.50439453125000000       0.99999999999999911     
  0.50537109375000000       0.99999999999999911     
  0.50634765625000000       0.99999999999999911     
  0.50732421875000000       0.99999999999999911     
  0.50830078125000000       0.99999999999999911     
  0.50927734375000000       0.99999999999999911     
  0.51025390625000000       0.99999999999999911     
  0.51123046875000000       0.99999999999999911     
  0.51220703125000000       0.99999999999999911     
  0.51318359375000000       0.99999999999999911     
  0.51416015625000000       0.99999999999999911     
  0.51513671875000000       0.99999999999999911     
  0.51611328125000000       0.99999999999999911     
  0.51708984375000000       0.99999999999999911     
  0.51806640625000000       0.99999999999999911     
  0.51904296875000000       0.99999999999999911     
  0.52001953125000000       0.99999999999999911     
  0.52099609375000000       0.99999999999999911     
  0.52197265625000000       0.99999999999999911     
  0.52294921875000000       0.99999999999999911     
  0.52392578125000000       0.99999999999999911     
  0.52490234375000000       0.99999999999999911     
  0.52587890625000000       0.99999999999999911     
  0.52685546875000000       0.99999999999999911     
  0.52783203125000000       0.99999999999999911     
  0.52880859375000000       0.99999999999999911     
  0.52978515625000000       0.99999999999999911     
  0.53076171875000000       0.99999999999999911     
  0.53173828125000000       0.99999999999999911     
  0.53271484375000000       0.99999999999999911     
  0.53369140625000000       0.99999999999999911     
  0.53466796875000000       0.99999999999999911     
  0.53564453125000000       0.99999999999999911     
  0.53662109375000000       0.99999999999999911     
  0.53759765625000000       0.99999999999999911     
  0.53857421875000000       0.99999999999999911     
  0.53955078125000000       0.99999999999999911     
  0.54052734375000000       0.99999999999999911     
  0.54150390625000000       0.99999999999999911     
  0.54248046875000000       0.99999999999999911     
  0.54345703125000000       0.99999999999999911     
  0.54443359375000000       0.99999999999999911     
  0.54541015625000000       0.99999999999999911     
  0.54638671875000000       0.99999999999999911     
  0.54736328125000000       0.99999999999999911     
  0.54833984375000000       0.99999999999999911     
  0.54931640625000000       0.99999999999999911     
  0.55029296875000000       0.99999999999999911     
  0.55126953125000000       0.99999999999999911     
  0.55224609375000000       0.99999999999999911     
  0.55322265625000000       0.99999999999999911     
  0.55419921875000000       0.99999999999999911     
  0.55517578125000000       0.99999999999999911     
  0.55615234375000000       0.99999999999999911     
  0.55712890625000000       0.99999999999999911     
  0.55810546875000000       0.99999999999999911     
  0.55908203125000000       0.99999999999999911     
  0.56005859375000000       0.99999999999999911     
  0.56103515625000000       0.99999999999999911     
  0.56201171875000000       0.99999999999999911     
  0.56298828125000000       0.99999999999999911     
  0.56396484375000000       0.99999999999999911     
  0.56494140625000000       0.99999999999999911     
  0.56591796875000000       0.99999999999999911     
  0.56689453125000000       0.99999999999999911     
  0.56787109375000000       0.99999999999999911     
  0.56884765625000000       0.99999999999999911     
  0.56982421875000000       0.99999999999999911     
  0.57080078125000000       0.99999999999999911     
  0.57177734375000000       0.99999999999999911     
  0.57275390625000000       0.99999999999999911     
  0.57373046875000000       0.99999999999999911     
  0.57470703125000000       0.99999999999999911     
  0.57568359375000000       0.99999999999999911     
  0.57666015625000000       0.99999999999999911     
  0.57763671875000000       0.99999999999999911     
  0.57861328125000000       0.99999999999999911     
  0.57958984375000000       0.99999999999999911     
  0.58056640625000000       0.99999999999999911     
  0.58154296875000000       0.99999999999999911     
  0.58251953125000000       0.99999999999999911     
  0.58349609375000000       0.99999999999999911     
  0.58447265625000000       0.99999999999999911     
  0.58544921875000000       0.99999999999999911     
  0.58642578125000000       0.99999999999999911     
  0.58740234375000000       0.99999999999999911     
  0.58837890625000000       0.99999999999999911     
  0.58935546875000000       0.99999999999999911     
  0.59033203125000000       0.99999999999999911     
  0.59130859375000000       0.99999999999999911     
  0.59228515625000000       0.99999999999999911     
  0.59326171875000000       0.99999999999999911     
  0.59423828125000000       0.99999999999999911     
  0.59521484375000000       0.99999999999999911     
  0.59619140625000000       0.99999999999999911     
  0.59716796875000000       0.99999999999999911     
  0.59814453125000000       0.99999999999999911     
  0.59912109375000000       0.99999999999999911     
  0.60009765625000000       0.99999999999999911     
  0.60107421875000000       0.99999999999999911     
  0.60205078125000000       0.99999999999999911     
  0.60302734375000000       0.99999999999999911     
  0.60400390625000000       0.99999999999999911     
  0.60498046875000000       0.99999999999999911     
  0.60595703125000000       0.99999999999999911     
  0.60693359375000000       0.99999999999999911     
  0.60791015625000000       0.99999999999999911     
  0.60888671875000000       0.99999999999999911     
  0.60986328125000000       0.99999999999999911     
  0.61083984375000000       0.99999999999999911     
  0.61181640625000000       0.99999999999999911     
  0.61279296875000000       0.99999999999999911     
  0.61376953125000000       0.99999999999999911     
  0.61474609375000000       0.99999999999999911     
  0.61572265625000000       0.99999999999999911     
  0.61669921875000000       0.99999999999999911     
  0.61767578125000000       0.99999999999999911     
  0.61865234375000000       0.99999999999999911     
  0.61962890625000000       0.99999999999999911     
  0.62060546875000000       0.99999999999999911     
  0.62158203125000000       0.99999999999999911     
  0.62255859375000000       0.99999999999999911     
  0.62353515625000000       0.99999999999999911     
  0.62451171875000000       0.99999999999999911     
  0.62548828125000000       0.99999999999999911     
  0.62646484375000000       0.99999999999999911     
  0.62744140625000000       0.99999999999999911     
  0.62841796875000000       0.99999999999999911     
  0.62939453125000000       0.99999999999999911     
  0.63037109375000000       0.99999999999999911     
  0.63134765625000000       0.99999999999999911     
  0.63232421875000000       0.99999999999999911     
  0.63330078125000000       0.99999999999999911     
  0.63427734375000000       0.99999999999999911     
  0.63525390625000000       0.99999999999999911     
  0.63623046875000000       0.99999999999999911     
  0.63720703125000000       0.99999999999999911     
  0.63818359375000000       0.99999999999999911     
  0.63916015625000000       0.99999999999999911     
  0.64013671875000000       0.99999999999999911     
  0.64111328125000000       0.99999999999999911     
  0.64208984375000000       0.99999999999999911     
  0.64306640625000000       0.99999999999999911     
  0.64404296875000000       0.99999999999999911     
  0.64501953125000000       0.99999999999999911     
  0.64599609375000000       0.99999999999999911     
  0.64697265625000000       0.99999999999999911     
  0.64794921875000000       0.99999999999999911     
  0.64892578125000000       0.99999999999999911     
  0.64990234375000000       0.99999999999999889     
  0.65087890625000000       0.99999999999999489     
  0.65185546875000000       0.99999999999994749     
  0.65283203125000000       0.99999999999937550     
  0.65380859375000000       0.99999999999236000     
  0.65478515625000000       0.99999999990626154     
  0.65576171875000000       0.99999999885102719     
  0.65673828125000000       0.99999998591185901     
  0.65771484375000000       0.99999982726810277     
  0.65869140625000000       0.99999788214701146     
  0.65966796875000000       0.99997404262882617     
  0.66064453125000000       0.99968123574384038     
  0.66162109375000000       0.99609437175678095     
  0.66259765625000000       0.96890274877920823     
  0.66357421875000000       0.89957073408048172     
  0.66455078125000000       0.79331841750710619     
  0.66552734375000000       0.65816329368759430     
  0.66650390625000000       0.50501246085018447     
  0.66748046875000000       0.34790902636793331     
  0.66845703125000000       0.20332245758496481     
  0.66943359375000000       8.87007836372893654E-002
  0.67041015625000000       2.03774555905809618E-002
  0.67138671875000000       2.23014310133926464E-003
  0.67236328125000000       2.32073882010804737E-004
  0.67333984375000000       2.41498717875477424E-005
  0.67431640625000000       2.51303571616243369E-006
  0.67529296875000000       2.61503835351668380E-007
  0.67626953125000000       2.72115584780992210E-008
  0.67724609375000000       2.83155634868097094E-009
  0.67822265625000000       2.94641608738193014E-010
  0.67919921875000000       3.06592021945352690E-011
  0.68017578125000000       3.19026382303707129E-012
  0.68115234375000000       3.31965301652373206E-013
  0.68212890625000000       3.45430610317445153E-014
  0.68310546875000000       3.59445458454184361E-015
  0.68408203125000000       3.74034382780467154E-016
  0.68505859375000000       3.89223315214688408E-017
  0.68603515625000000       4.05039514472656231E-018
  0.68701171875000000       4.21511414380603593E-019
  0.68798828125000000       4.38668402464537657E-020
  0.68896484375000000       4.56540564772934130E-021
  0.68994140625000000       4.75158450621013640E-022
  0.69091796875000000       4.94552916387014298E-023
  0.69189453125000000       5.14755096042912367E-024
  0.69287109375000000       5.35796519013612366E-025
  0.69384765625000000       5.57709360897365375E-026
  0.69482421875000000       5.80526781136050280E-027
  0.69580078125000000       6.04283284677986002E-028
  0.69677734375000000       6.29015047282383759E-029
  0.69775390625000000       6.54760163875151527E-030
  0.69873046875000000       6.81558807504341335E-031
  0.69970703125000000       7.09453312226782589E-032
  0.70068359375000000       7.38488208758250400E-033
  0.70166015625000000       7.68710244570420749E-034
  0.70263671875000000       8.00168413202589693E-035
  0.70361328125000000       8.32914006411963453E-036
  0.70458984375000000       8.67000692549363911E-037
  0.70556640625000000       9.02484618050224345E-038
  0.70654296875000000       9.39424526489850384E-039
  0.70751953125000000       9.77881890025107980E-040
  0.70849609375000000       1.01792104963812024E-040
  0.70947265625000000       1.05960936225047623E-041
  0.71044921875000000       1.10301735396860641E-042
  0.71142578125000000       1.14821887940750427E-043
  0.71240234375000000       1.19529128739505702E-044
  0.71337890625000000       1.24431559359036611E-045
  0.71435546875000000       1.29537666081467173E-046
  0.71533203125000000       1.34856338828013911E-047
  0.71630859375000000       1.40396891142657237E-048
  0.71728515625000000       1.46169081468553923E-049
  0.71826171875000000       1.52183136006202051E-050
  0.71923828125000000       1.58449773476513976E-051
  0.72021484375000000       1.64980232098689723E-052
  0.72119140625000000       1.71786299004370923E-053
  0.72216796875000000       1.78880342118563028E-054
  0.72314453125000000       1.86275344221911507E-055
  0.72412109375000000       1.93984938456708964E-056
  0.72509765625000000       2.02023443956603007E-057
  0.72607421875000000       2.10405899597184290E-058
  0.72705078125000000       2.19148093139642947E-059
  0.72802734375000000       2.28266582360647149E-060
  0.72900390625000000       2.37778704243535865E-061
  0.72998046875000000       2.47702568081703785E-062
  0.73095703125000000       2.58057028550074729E-063
  0.73193359375000000       2.68861635551760753E-064
  0.73291015625000000       2.80136559018197115E-065
  0.73388671875000000       2.91902488838315150E-066
  0.73486328125000000       3.04180512633535107E-067
  0.73583984375000000       3.16991976999326932E-068
  0.73681640625000000       3.30358340823302800E-069
  0.73779296875000000       3.44301032010294705E-070
  0.73876953125000000       3.58841321002993675E-071
  0.73974609375000000       3.74000225500737720E-072
  0.74072265625000000       3.89798460438659665E-073
  0.74169921875000000       4.06256445414925078E-074
  0.74267578125000000       4.23394378343838868E-075
  0.74365234375000000       4.41232379370585811E-076
  0.74462890625000000       4.59790703414743978E-077
  0.74560546875000000       4.79090013686507194E-078
  0.74658203125000000       4.99151702814745621E-079
  0.74755859375000000       5.19998243525028463E-080
  0.74853515625000000       5.41653547709219774E-081
  0.74951171875000000       5.64143311660775009E-082
  0.75048828125000000       5.87495326391507951E-083
  0.75146484375000000       6.11739735198105753E-084
  0.75244140625000000       6.36909225642343178E-085
  0.75341796875000000       6.63039149260412162E-086
  0.75439453125000000       6.90167568901244506E-087
  0.75537109375000000       7.18335239856403788E-088
  0.75634765625000000       7.47585536204192518E-089
  0.75732421875000000       7.77964337531819993E-090
  0.75830078125000000       8.09519893131170112E-091
  0.75927734375000000       8.42302680843970986E-092
  0.76025390625000000       8.76365276151928775E-093
  0.76123046875000000       9.11762244241061979E-094
  0.76220703125000000       9.48550064103137983E-095
  0.76318359375000000       9.86787089789023737E-096
  0.76416015625000000       1.02653355017443345E-096
  0.76513671875000000       1.06785158541362579E-097
  0.76611328125000000       1.11080531588256165E-098
  0.76708984375000000       1.15546093794877232E-099
  0.76806640625000000       1.20188684032060906E-100
  0.76904296875000000       1.25015373489479925E-101
  0.77001953125000000       1.30033479674894110E-102
  0.77099609375000000       1.35250580900359702E-103
  0.77197265625000000       1.40674530950722103E-104
  0.77294921875000000       1.46313473751154536E-105
  0.77392578125000000       1.52175857958754950E-106
  0.77490234375000000       1.58270451491483422E-107
  0.77587890625000000       1.64606356073601616E-108
  0.77685546875000000       1.71193021921220861E-109
  0.77783203125000000       1.78040262717693911E-110
  0.77880859375000000       1.85158271040501540E-111
  0.77978515625000000       1.92557634403198101E-112
  0.78076171875000000       2.00249352071555575E-113
  0.78173828125000000       2.08244852805116904E-114
  0.78271484375000000       2.16556013665813006E-115
  0.78369140625000000       2.25195180025200678E-116
  0.78466796875000000       2.34175186891658911E-117
  0.78564453125000000       2.43509381668570434E-118
  0.78662109375000000       2.53211648443925467E-119
  0.78759765625000000       2.63296433900704477E-120
  0.78857421875000000       2.73778774925667969E-121
  0.78955078125000000       2.84674327981814730E-122
  0.79052734375000000       2.95999400296917328E-123
  0.79150390625000000       3.07770982907516779E-124
  0.79248046875000000       3.20006785585001526E-125
  0.79345703125000000       3.32725273658461738E-126
  0.79443359375000000       3.45945706738441684E-127
  0.79541015625000000       3.59688179337138492E-128
  0.79638671875000000       3.73973663374544957E-129
  0.79736328125000000       3.88824052556946529E-130
  0.79833984375000000       4.04262208614473660E-131
  0.79931640625000000       4.20312009388196112E-132
  0.80029296875000000       4.36998398764643752E-133
  0.80126953125000000       4.54347438466405570E-134
  0.80224609375000000       4.72386361721272698E-135
  0.80322265625000000       4.91143628848641445E-136
  0.80419921875000000       5.10648984819794931E-137
  0.80517578125000000       5.30933518867254024E-138
  0.80615234375000000       5.52029726236483394E-139
  0.80712890625000000       5.73971572189563737E-140
  0.80810546875000000       5.96794558383664528E-141
  0.80908203125000000       6.20535791755859268E-142
  0.81005859375000000       6.45234056048661351E-143
  0.81103515625000000       6.70929886106361383E-144
  0.81201171875000000       6.97665645059694564E-145
  0.81298828125000000       7.25485604494619762E-146
  0.81396484375000000       7.54436027669457847E-147
  0.81494140625000000       7.84565255802859243E-148
  0.81591796875000000       8.15923797403138590E-149
  0.81689453125000000       8.48564420547525342E-150
  0.81787109375000000       8.82542247945989730E-151
  0.81884765625000000       9.17914854541220930E-152
  0.81982421875000000       9.54742367531926986E-153
  0.82080078125000000       9.93087572779751660E-154
  0.82177734375000000       1.03301607188042172E-154
  0.82275390625000000       1.07459695517459636E-155
  0.82373046875000000       1.11790926049469898E-156
  0.82470703125000000       1.16311227064801464E-157
  0.82568359375000000       1.21128000805002348E-158
  0.82666015625000000       1.27370986544918623E-159
  0.82763671875000000       1.47283096816610781E-160
  0.82861328125000000       3.15779445601653082E-161
  0.82958984375000000       1.98950267637234988E-161
  0.83056640625000000       1.87658180597811453E-161
  0.83154296875000000       1.77428789779799840E-161
  0.83251953125000000       1.68112420899647742E-161
  0.83349609375000000       1.59539391592910450E-161
  0.83447265625000000       1.51555496916119778E-161
  0.83544921875000000       1.44042489046148497E-161
  0.83642578125000000       1.36918520546772217E-161
  0.83740234375000000       1.30127096519893280E-161
  0.83837890625000000       1.23626174221014018E-161
  0.83935546875000000       1.17382621835652340E-161
  0.84033203125000000       1.11370642729241660E-161
  0.84130859375000000       1.05571295011730254E-161
  0.84228515625000000       9.99717795653843008E-162
  0.84326171875000000       9.45643899876745629E-162
  0.84423828125000000       8.93452983929315281E-162
  0.84521484375000000       8.43133350366190656E-162
  0.84619140625000000       7.94688834795445173E-162
  0.84716796875000000       7.48129677979826980E-162
  0.84814453125000000       7.03465642905168037E-162
  0.84912109375000000       6.60701343115404036E-162
  0.85009765625000000       6.19833506741309215E-162
  0.85107421875000000       5.80849776464697016E-162
  0.85205078125000000       5.43728618311310750E-162
  0.85302734375000000       5.08439950657121059E-162
  0.85400390625000000       4.74946178089324147E-162
  0.85498046875000000       4.43203397916111809E-162
  0.85595703125000000       4.13162623902953527E-162
  0.85693359375000000       3.84770934063898974E-162
  0.85791015625000000       3.57972494946668546E-162
  0.85888671875000000       3.32709445358738049E-162
  0.85986328125000000       3.08922641039432650E-162
  0.86083984375000000       2.86552271789682152E-162
  0.86181640625000000       2.65538366956576930E-162
  0.86279296875000000       2.45821206149102305E-162
  0.86376953125000000       2.27341651160130389E-162
  0.86474609375000000       2.10041413264982888E-162
  0.86572265625000000       1.93863267946127309E-162
  0.86669921875000000       1.78751226988223444E-162
  0.86767578125000000       1.64650675969517817E-162
  0.86865234375000000       1.51508483520115643E-162
  0.86962890625000000       1.39273087344316650E-162
  0.87060546875000000       1.27894560900519371E-162
  0.87158203125000000       1.17324663768940128E-162
  0.87255859375000000       1.07516878077981797E-162
  0.87353515625000000       9.84264328665621450E-163
  0.87451171875000000       9.00103178963772511E-163
  0.87548828125000000       8.22272881635463673E-163
  0.87646484375000000       7.50378601671958664E-163
  0.87744140625000000       6.84043008524499305E-163
  0.87841796875000000       6.22906100410953413E-163
  0.87939453125000000       5.66624970832184551E-163
  0.88037109375000000       5.14873523991776841E-163
  0.88134765625000000       4.67342145278499099E-163
  0.88232421875000000       4.23737332506245402E-163
  0.88330078125000000       3.83781293189400779E-163
  0.88427734375000000       3.47211512750044993E-163
  0.88525390625000000       3.13780298200164799E-163
  0.88623046875000000       2.83254301513319701E-163
  0.88720703125000000       2.55414026593780085E-163
  0.88818359375000000       2.30053323465393472E-163
  0.88916015625000000       2.06978873035723734E-163
  0.89013671875000000       1.86009665541580272E-163
  0.89111328125000000       1.66976475547924942E-163
  0.89208984375000000       1.49721336151220701E-163
  0.89306640625000000       1.34097014828478643E-163
  0.89404296875000000       1.19966493172628964E-163
  0.89501953125000000       1.07202452561683563E-163
  0.89599609375000000       9.56867676221150544E-164
  0.89697265625000000       8.53100091649486894E-164
  0.89794921875000000       7.59709580956329794E-164
  0.89892578125000000       6.75761316255602972E-164
  0.89990234375000000       6.00393229442038163E-164
  0.90087890625000000       5.32811553465336167E-164
  0.90185546875000000       4.72286516511804142E-164
  0.90283203125000000       4.18148195913661521E-164
  0.90380859375000000       3.69782537136229341E-164
  0.90478515625000000       3.26627541794916046E-164
  0.90576171875000000       2.88169627334106917E-164
  0.90673828125000000       2.53940159764847584E-164
  0.90771484375000000       2.23512159712649908E-164
  0.90869140625000000       1.96497180974728298E-164
  0.90966796875000000       1.72542359830056084E-164
  0.91064453125000000       1.51327632487073195E-164
  0.91162109375000000       1.32563117292615557E-164
  0.91259765625000000       1.15986657660408385E-164
  0.91357421875000000       1.01361521105897558E-164
  0.91455078125000000       8.84742492929474820E-165
  0.91552734375000000       7.71326536028651032E-165
  0.91650390625000000       6.71639504225052886E-165
  0.91748046875000000       5.84130301105617763E-165
  0.91845703125000000       5.07408534338751191E-165
  0.91943359375000000       4.40229691627896826E-165
  0.92041015625000000       3.81481464702601332E-165
  0.92138671875000000       3.30171157875274643E-165
  0.92236328125000000       2.85414118238363041E-165
  0.92333984375000000       2.46423125530855211E-165
  0.92431640625000000       2.12498681009581564E-165
  0.92529296875000000       1.83020136267005843E-165
  0.92626953125000000       1.57437604793577576E-165
  0.92724609375000000       1.35264601143002445E-165
  0.92822265625000000       1.16071354780262666E-165
  0.92919921875000000       9.94787480357493440E-166
  0.93017578125000000       8.51528300189105608E-166
  0.93115234375000000       7.27998608294023480E-166
  0.93212890625000000       6.21618429143579500E-166
  0.93310546875000000       5.30124989319315916E-166
  0.93408203125000000       4.51536579718035282E-166
  0.93505859375000000       3.84120144339704308E-166
  0.93603515625000000       3.26362262618633799E-166
  0.93701171875000000       2.76943215512626070E-166
  0.93798828125000000       2.34713848016963387E-166
  0.93896484375000000       1.98674962333506422E-166
  0.93994140625000000       1.67958996533462742E-166
  0.94091796875000000       1.41813763157664203E-166
  0.94189453125000000       1.19588040768932302E-166
  0.94287109375000000       1.00718828990306802E-166
  0.94384765625000000       8.47200940262379698E-167
  0.94482421875000000       7.11728470779480602E-167
  0.94580078125000000       5.97164124450647904E-167
  0.94677734375000000       5.00407554771966479E-167
  0.94775390625000000       4.18797529317160797E-167
  0.94873046875000000       3.50052997432267110E-167
  0.94970703125000000       2.92221567556719004E-167
  0.95068359375000000       2.43634536524992184E-167
  0.95166015625000000       2.02867701885641605E-167
  0.95263671875000000       1.68707269256926952E-167
  0.95361328125000000       1.40120240488002029E-167
  0.95458984375000000       1.16228735379677722E-167
  0.95556640625000000       9.62877604018289381E-168
  0.95654296875000000       7.96659926790002499E-168
  0.95751953125000000       6.58291969421379535E-168
  0.95849609375000000       5.43259375873400553E-168
  0.95947265625000000       4.47752878487924905E-168
  0.96044921875000000       3.68562737697518317E-168
  0.96142578125000000       3.02988225088786035E-168
  0.96240234375000000       2.48760128942775593E-168
  0.96337890625000000       2.03974513573107200E-168
  0.96435546875000000       1.67036187438355521E-168
  0.96533203125000000       1.36610532916343563E-168
  0.96630859375000000       1.11582525379970351E-168
  0.96728515625000000       9.10219231881242697E-169
  0.96826171875000000       7.41537455858496522E-169
  0.96923828125000000       6.03332742925284454E-169
  0.97021484375000000       4.90249185650948622E-169
  0.97119140625000000       3.97843744075649637E-169
  0.97216796875000000       3.22435878540454668E-169
  0.97314453125000000       2.60981012294196471E-169
  0.97412109375000000       2.10964212041521001E-169
  0.97509765625000000       1.70310993961084156E-169
  0.97607421875000000       1.37312612069833083E-169
  0.97705078125000000       1.10563573826654886E-169
  0.97802734375000000       8.89094622846073838E-170
  0.97900390625000000       7.14034317717917926E-170
  0.97998046875000000       5.72699910737186824E-170
  0.98095703125000000       4.58748997597452226E-170
  0.98193359375000000       3.67001843575704267E-170
  0.98291015625000000       2.93234356737981399E-170
  0.98388671875000000       2.34006803134682806E-170
  0.98486328125000000       1.86522315387995200E-170
  0.98583984375000000       1.48510197931994862E-170
  0.98681640625000000       1.18129839077614613E-170
  0.98779296875000000       9.38917229373844170E-171
  0.98876953125000000       7.45926111639651248E-171
  0.98974609375000000       5.92624510854989079E-171
  0.99072265625000000       4.71209766663237961E-171
  0.99169921875000000       3.75423134156602951E-171
  0.99267578125000000       3.00261879092347383E-171
  0.99365234375000000       2.41745855620767135E-171
  0.99462890625000000       1.96729040508976466E-171
  0.99560546875000000       1.62748206291161699E-171
  0.99658203125000000       1.37902348942938815E-171
  0.99755859375000000       1.20757689645365817E-171
  0.99853515625000000       1.10274084406089192E-171
  0.99951171875000000       1.05749533534602385E-171
